  475.150000   135.509382
  475.173000   135.298815
  475.196100   136.363070
  475.219100   138.063166
  475.242200   137.897312
  475.265300   137.249261
  475.288300   137.595368
  475.311400   139.446131
  475.334400   139.146990
  475.357500   139.907269
  475.380600   140.264595
  475.403600   140.336702
  475.426600   140.257431
  475.449700   139.242019
  475.472700   139.583335
  475.495800   139.591483
  475.518900   140.876667
  475.541900   142.067910
  475.565000   142.528774
  475.588000   141.843261
  475.611100   141.068121
  475.634200   140.709961
  475.657200   141.497825
  475.680300   143.087080
  475.703300   142.359329
  475.726300   142.083744
  475.749400   143.297632
  475.772500   143.239064
  475.795500   142.751453
  475.818600   143.985975
  475.841600   144.607117
  475.864700   143.585116
  475.887800   143.659532
  475.910800   142.716254
  475.933900   142.654325
  475.956900   142.380280
  475.979900   143.823005
  476.003000   145.376109
  476.026100   143.160934
  476.049100   142.692128
  476.072200   143.030310
  476.095200   143.392454
  476.118300   142.331622
  476.141400   143.914075
  476.164400   143.997494
  476.187500   144.223732
  476.210500   143.534444
  476.233600   143.325528
  476.256600   143.387715
  476.279700   144.166455
  476.302700   144.157196
  476.325800   145.106255
  476.348800   145.765404
  476.371900   144.974239
  476.395000   145.744198
  476.418000   145.809379
  476.441100   145.177570
  476.464100   144.882138
  476.487200   144.295807
  476.510200   144.149187
  476.533300   144.366548
  476.556300   144.436820
  476.579400   145.805835
  476.602400   144.686068
  476.625500   144.911788
  476.648600   145.353695
  476.671600   144.977721
  476.694700   144.215851
  476.717700   145.979944
  476.740800   147.429683
  476.763800   147.400812
  476.786900   147.571295
  476.809900   148.198070
  476.833000   147.378715
  476.856000   147.492869
  476.879100   149.344672
  476.902200   148.317545
  476.925200   148.724896
  476.948300   150.714138
  476.971300   151.450983
  476.994400   149.177765
  477.017400   147.844115
  477.040500   148.364213
  477.063500   149.212044
  477.086600   150.523927
  477.109600   151.530452
  477.132700   150.899222
  477.155800   149.528602
  477.178800   150.232568
  477.201900   151.408222
  477.224900   152.625564
  477.248000   151.936355
  477.271000   152.587089
  477.294100   153.417290
  477.317100   152.957811
  477.340200   153.447122
  477.363300   153.480760
  477.386300   154.317731
  477.409400   154.453474
  477.432400   154.338304
  477.455500   155.024649
  477.478500   155.486520
  477.501600   155.474360
  477.524600   155.505273
  477.547700   156.549257
  477.570700   158.312170
  477.593800   159.262501
  477.616900   159.356951
  477.639900   159.376358
  477.663000   159.650519
  477.686000   159.735631
  477.709100   159.753231
  477.732100   159.816874
  477.755200   159.270345
  477.778200   159.436313
  477.801300   160.644813
  477.824300   161.640338
  477.847400   160.998701
  477.870500   161.553115
  477.893500   161.828390
  477.916600   162.970659
  477.939600   162.845117
  477.962700   163.494283
  477.985700   165.728371
  478.008800   165.122671
  478.031800   166.110166
  478.054900   166.053441
  478.077900   165.480095
  478.101000   165.839842
  478.124100   166.219279
  478.147100   168.076505
  478.170200   168.222324
  478.193200   168.163000
  478.216300   168.632007
  478.239300   168.578788
  478.262400   169.444836
  478.285400   170.589937
  478.308500   169.751852
  478.331500   168.856375
  478.354600   170.149309
  478.377700   170.797559
  478.400700   172.842751
  478.423800   174.714210
  478.446800   174.953346
  478.469900   174.695695
  478.492900   174.071800
  478.516000   175.515080
  478.539000   178.261597
  478.562100   176.981228
  478.585100   175.656376
  478.608200   175.220225
  478.631300   174.716680
  478.654300   176.452640
  478.677400   178.759556
  478.700400   180.349788
  478.723500   179.877550
  478.746500   181.783010
  478.769600   182.389865
  478.792600   182.068078
  478.815700   181.917356
  478.838700   181.984504
  478.861800   181.877426
  478.884900   182.652296
  478.907900   183.882618
  478.931000   184.704968
  478.954000   186.723806
  478.977100   187.455540
  479.000100   187.904358
  479.023200   187.334413
  479.046200   189.954795
  479.069300   190.611146
  479.092300   190.058249
  479.115400   190.349837
  479.138500   189.915707
  479.161500   189.506270
  479.184600   191.404843
  479.207600   194.452318
  479.230700   196.837962
  479.253700   196.472044
  479.276800   195.410222
  479.299800   196.341714
  479.322900   196.920324
  479.345900   197.373892
  479.369000   198.084712
  479.392100   201.306840
  479.415100   200.388734
  479.438200   200.295264
  479.461200   199.965548
  479.484300   200.277820
  479.507300   199.761255
  479.530400   200.880429
  479.553400   200.713441
  479.576500   204.030104
  479.599500   207.035850
  479.622600   205.821780
  479.645700   206.707148
  479.668700   207.701350
  479.691800   209.544421
  479.714800   210.423014
  479.737900   211.504280
  479.760900   212.488273
  479.784000   212.957029
  479.807000   215.427289
  479.830100   214.722062
  479.853100   214.156736
  479.876200   214.911065
  479.899300   218.422810
  479.922300   221.073012
  479.945400   220.716216
  479.968400   220.317978
  479.991500   221.358763
  480.014500   222.610037
  480.037600   222.456256
  480.060600   222.982357
  480.083700   223.773261
  480.106800   224.721291
  480.129800   225.527497
  480.152900   226.261562
  480.175900   228.696804
  480.199000   229.821198
  480.222000   230.882984
  480.245100   233.423453
  480.268100   234.931089
  480.291200   235.082608
  480.314200   235.473573
  480.337300   236.241232
  480.360400   237.574673
  480.383400   237.965040
  480.406500   238.554092
  480.429500   239.563120
  480.452600   241.892325
  480.475600   241.818020
  480.498700   242.369313
  480.521700   243.490375
  480.544800   244.448187
  480.567800   246.471431
  480.590900   246.539625
  480.614000   248.629739
  480.637000   251.147273
  480.660100   253.466984
  480.683100   251.379981
  480.706200   252.707195
  480.729200   256.386833
  480.752300   256.720918
  480.775300   258.571288
  480.798400   259.587916
  480.821400   259.445894
  480.844500   259.980955
  480.867600   261.471640
  480.890600   263.815631
  480.913700   264.563804
  480.936700   263.183582
  480.959800   264.845987
  480.982800   268.265485
  481.005900   271.967201
  481.028900   273.559270
  481.052000   274.607055
  481.075000   275.771630
  481.098100   274.179898
  481.121200   276.338820
  481.144200   278.908841
  481.167300   279.614422
  481.190300   280.609699
  481.213400   284.972391
  481.236500   285.187715
  481.259500   284.061520
  481.282500   284.689700
  481.305600   287.348219
  481.328600   291.007887
  481.351700   291.235932
  481.374800   292.364684
  481.397800   296.855429
  481.420900   297.333988
  481.443900   298.581152
  481.467000   300.749833
  481.490100   301.202048
  481.513100   303.700428
  481.536200   306.460414
  481.559200   308.558735
  481.582200   309.034909
  481.605300   309.873464
  481.628400   312.714488
  481.651400   313.311484
  481.674500   312.626701
  481.697500   315.780799
  481.720600   319.195167
  481.743700   321.540743
  481.766700   322.005796
  481.789800   322.845144
  481.812800   326.725568
  481.835800   328.130095
  481.858900   328.410182
  481.882000   327.019115
  481.905000   328.082398
  481.928100   331.876610
  481.951100   334.572506
  481.974200   338.074473
  481.997300   338.923739
  482.020300   339.911007
  482.043400   342.261434
  482.066400   346.030364
  482.089400   349.396645
  482.112500   352.447377
  482.135600   353.518211
  482.158600   357.783423
  482.181700   361.178917
  482.204700   361.612274
  482.227800   359.222521
  482.250900   361.355697
  482.273900   365.697639
  482.297000   367.681995
  482.320000   370.307937
  482.343000   373.235671
  482.366100   373.026300
  482.389200   370.298973
  482.412200   377.603437
  482.435300   380.416773
  482.458300   379.203121
  482.481400   381.983003
  482.504500   383.901602
  482.527500   387.270264
  482.550600   391.510768
  482.573600   394.297340
  482.596700   396.208651
  482.619700   396.918892
  482.642800   398.640174
  482.665800   400.319646
  482.688900   402.384338
  482.711900   404.723831
  482.735000   406.844580
  482.758100   408.934357
  482.781100   409.350579
  482.804200   410.882615
  482.827200   411.856821
  482.850300   415.006249
  482.873300   417.883030
  482.896400   422.175996
  482.919400   424.171666
  482.942500   426.550651
  482.965500   428.712316
  482.988600   430.600083
  483.011700   431.699265
  483.034700   435.408319
  483.057800   440.705763
  483.080800   444.409192
  483.103900   442.241800
  483.126900   442.411275
  483.150000   443.470229
  483.173000   450.190667
  483.196100   456.711540
  483.219100   459.728562
  483.242200   461.562450
  483.265300   462.407526
  483.288300   465.670326
  483.311400   463.903581
  483.334400   465.878455
  483.357500   469.978866
  483.380500   477.597972
  483.403600   478.786907
  483.426600   480.220251
  483.449700   482.487413
  483.472700   484.264617
  483.495800   484.365125
  483.518900   488.563675
  483.541900   492.035592
  483.565000   493.197443
  483.588000   498.679683
  483.611100   504.312328
  483.634100   508.275427
  483.657200   509.643415
  483.680200   510.546527
  483.703300   511.761659
  483.726300   516.010075
  483.749400   519.212263
  483.772500   522.186682
  483.795500   521.366161
  483.818600   523.117567
  483.841600   528.737514
  483.864700   530.968992
  483.887700   530.438007
  483.910800   535.729301
  483.933800   537.964078
  483.956900   541.632313
  483.979900   547.220511
  484.003000   546.249615
  484.026100   545.471755
  484.049100   546.424653
  484.072200   549.081684
  484.095200   550.760539
  484.118300   552.964299
  484.141300   553.005100
  484.164400   555.196781
  484.187400   558.176997
  484.210500   558.766809
  484.233600   562.642651
  484.256600   564.599387
  484.279700   569.035033
  484.302700   571.268540
  484.325800   572.436653
  484.348800   575.118177
  484.371900   579.330918
  484.394900   579.833717
  484.418000   581.022721
  484.441000   581.845994
  484.464100   582.927775
  484.487200   584.559920
  484.510200   583.933315
  484.533300   586.238199
  484.556300   588.957172
  484.579400   593.632312
  484.602400   596.421618
  484.625500   596.059649
  484.648500   596.989151
  484.671600   600.314435
  484.694600   602.359410
  484.717700   603.462566
  484.740800   605.182506
  484.763800   605.171779
  484.786900   604.897485
  484.809900   602.580643
  484.833000   607.344268
  484.856000   607.308491
  484.879100   607.714778
  484.902100   608.141933
  484.925200   613.264145
  484.948200   610.740394
  484.971300   612.430524
  484.994400   613.102206
  485.017400   617.431746
  485.040500   618.471237
  485.063500   618.098568
  485.086600   617.513246
  485.109600   617.037589
  485.132700   623.155706
  485.155700   621.598124
  485.178800   620.581826
  485.201800   619.603258
  485.224900   618.666586
  485.248000   619.730470
  485.271000   617.629285
  485.294100   617.027468
  485.317100   616.636394
  485.340200   616.186927
  485.363200   614.893401
  485.386300   616.091565
  485.409300   617.395040
  485.432400   618.307315
  485.455400   614.402008
  485.478500   617.951470
  485.501600   616.382026
  485.524600   615.526145
  485.547700   618.513811
  485.570700   613.751448
  485.593800   612.456159
  485.616800   610.583189
  485.639900   613.770402
  485.662900   612.935088
  485.686000   613.151270
  485.709000   611.114435
  485.732100   609.022520
  485.755200   605.578360
  485.778200   603.249853
  485.801300   601.448625
  485.824300   600.898367
  485.847400   601.632334
  485.870400   599.577178
  485.893500   597.844685
  485.916500   593.411923
  485.939600   590.392635
  485.962600   589.226871
  485.985700   587.839638
  486.008800   585.742842
  486.031800   585.386685
  486.054900   583.127468
  486.077900   583.157080
  486.101000   577.055403
  486.124000   574.586574
  486.147100   575.380201
  486.170100   574.407830
  486.193200   575.808712
  486.216200   570.527532
  486.239300   567.036211
  486.262400   567.578069
  486.285400   567.422521
  486.308500   568.569197
  486.331500   569.986277
  486.354600   566.049628
  486.377600   567.936723
  486.400700   566.411637
  486.423700   568.007232
  486.446800   568.221516
  486.469800   565.761909
  486.492900   565.699113
  486.516000   563.305025
  486.539000   562.724327
  486.562100   564.633574
  486.585100   563.005503
  486.608200   563.229689
  486.631200   564.724645
  486.654300   565.215600
  486.677300   565.693781
  486.700400   566.186880
  486.723400   567.734062
  486.746500   567.950424
  486.769600   564.649378
  486.792600   563.426576
  486.815700   566.692092
  486.838700   569.436477
  486.861800   571.105751
  486.884800   574.610394
  486.907900   570.368227
  486.930900   572.137388
  486.954000   574.048598
  486.977100   568.742443
  487.000100   570.293008
  487.023200   570.946172
  487.046200   574.012131
  487.069300   573.885933
  487.092300   575.411258
  487.115400   574.335642
  487.138400   574.456981
  487.161500   573.238595
  487.184500   577.902632
  487.207600   576.805160
  487.230700   577.190586
  487.253700   580.191250
  487.276800   585.285705
  487.299800   583.487802
  487.322900   584.515901
  487.345900   582.957881
  487.369000   583.393638
  487.392100   583.198730
  487.415100   580.329261
  487.438100   581.483438
  487.461200   583.328154
  487.484300   585.345546
  487.507300   584.371570
  487.530400   584.307089
  487.553400   583.642060
  487.576500   582.419108
  487.599500   587.644342
  487.622600   587.435862
  487.645700   589.334004
  487.668700   589.496703
  487.691700   588.381461
  487.714800   585.864423
  487.737900   591.385135
  487.760900   590.212389
  487.784000   587.655948
  487.807000   586.423588
  487.830100   589.911772
  487.853100   588.022224
  487.876200   588.190282
  487.899300   586.331406
  487.922300   588.908662
  487.945300   589.792485
  487.968400   588.703804
  487.991500   590.242959
  488.014500   589.241321
  488.037600   584.403357
  488.060600   583.804106
  488.083700   584.711829
  488.106800   586.355433
  488.129800   587.320207
  488.152900   583.693237
  488.175900   580.926597
  488.199000   581.138950
  488.222000   582.185231
  488.245100   583.171965
  488.268100   583.490747
  488.291200   582.662999
  488.314200   582.601401
  488.337300   582.283352
  488.360400   581.513632
  488.383400   580.335684
  488.406500   576.854813
  488.429500   575.196308
  488.452600   575.111689
  488.475600   577.166378
  488.498700   576.134719
  488.521700   574.130387
  488.544800   570.974447
  488.567800   567.519461
  488.590900   563.486156
  488.614000   562.714199
  488.637000   564.120727
  488.660100   561.793853
  488.683100   560.739035
  488.706200   560.038513
  488.729200   558.873338
  488.752300   556.807587
  488.775300   556.182687
  488.798400   554.163856
  488.821400   552.183589
  488.844500   546.874432
  488.867600   545.796509
  488.890600   540.211439
  488.913700   539.107473
  488.936700   539.665804
  488.959800   538.879999
  488.982800   539.373007
  489.005900   534.460537
  489.028900   533.131310
  489.052000   531.415116
  489.075000   531.282619
  489.098100   527.254704
  489.121200   527.835708
  489.144200   528.104656
  489.167300   522.374849
  489.190300   521.122904
  489.213400   521.333727
  489.236400   522.313580
  489.259500   520.714847
  489.282500   518.565722
  489.305600   517.329433
  489.328600   513.195663
  489.351700   513.443813
  489.374800   509.705656
  489.397800   508.320478
  489.420900   504.973373
  489.443900   503.819573
  489.467000   503.364119
  489.490000   497.253268
  489.513100   499.304750
  489.536100   497.447867
  489.559200   495.793463
  489.582200   492.794641
  489.605300   489.632133
  489.628400   491.129396
  489.651400   488.137367
  489.674500   486.139441
  489.697500   483.410688
  489.720600   483.510716
  489.743600   481.262239
  489.766700   477.917426
  489.789700   477.140141
  489.812800   473.540911
  489.835800   471.345074
  489.858900   467.961539
  489.882000   469.537391
  489.905000   470.509537
  489.928100   466.228637
  489.951100   461.126707
  489.974200   459.712893
  489.997200   457.156942
  490.020300   453.218943
  490.043300   450.194456
  490.066400   448.350614
  490.089400   446.939875
  490.112500   445.652376
  490.135600   441.850447
  490.158600   439.553014
  490.181700   436.407146
  490.204700   436.817713
  490.227800   435.639926
  490.250800   433.723355
  490.273900   431.981301
  490.296900   431.247441
  490.320000   431.151049
  490.343000   428.525916
  490.366100   425.474495
  490.389200   423.151493
  490.412200   421.108044
  490.435300   419.359424
  490.458300   417.590603
  490.481400   415.980080
  490.504400   414.357685
  490.527500   413.042471
  490.550500   410.889958
  490.573600   409.818307
  490.596600   407.757450
  490.619700   405.264329
  490.642800   404.790703
  490.665800   402.443619
  490.688900   398.529640
  490.711900   396.350733
  490.735000   394.844417
  490.758000   393.677901
  490.781100   390.168161
  490.804100   388.588879
  490.827200   388.130048
  490.850300   384.879370
  490.873300   383.788331
  490.896400   381.108007
  490.919400   377.499789
  490.942500   376.194364
  490.965500   376.544118
  490.988600   375.048617
  491.011600   372.733507
  491.034700   371.142579
  491.057700   372.334641
  491.080800   368.596531
  491.103900   365.307114
  491.126900   366.559287
  491.150000   364.708919
  491.173000   364.222216
  491.196100   362.518693
  491.219100   356.727764
  491.242200   355.186435
  491.265200   353.900903
  491.288300   353.362346
  491.311300   348.846642
  491.334400   349.143560
  491.357500   349.337941
  491.380500   349.089686
  491.403600   348.535406
  491.426600   345.200232
  491.449700   343.563076
  491.472700   339.414843
  491.495800   339.142887
  491.518800   335.805486
  491.541900   333.562413
  491.564900   332.989459
  491.588000   330.321757
  491.611100   331.696268
  491.634100   328.715405
  491.657200   326.436134
  491.680200   323.709452
  491.703300   322.913918
  491.726300   322.092897
  491.749400   319.178016
  491.772400   318.027979
  491.795500   317.028779
  491.818500   315.267254
  491.841600   311.673014
  491.864700   309.832386
  491.887700   308.617515
  491.910800   307.308450
  491.933800   306.831194
  491.956900   304.849631
  491.979900   303.555378
  492.003000   302.133521
  492.026000   300.528779
  492.049100   300.304823
  492.072100   300.686215
  492.095200   299.735557
  492.118300   295.940207
  492.141300   295.693667
  492.164400   294.400275
  492.187400   293.585596
  492.210500   291.096447
  492.233500   288.280681
  492.256600   286.825674
  492.279600   286.806729
  492.302700   286.015056
  492.325700   284.360059
  492.348800   281.595742
  492.371900   280.606756
  492.394900   277.733048
  492.418000   275.980688
  492.441000   276.888847
  492.464100   276.856837
  492.487100   274.714462
  492.510200   271.827995
  492.533200   270.921712
  492.556300   270.187941
  492.579300   268.536233
  492.602400   265.382195
  492.625500   263.386091
  492.648500   264.187762
  492.671600   262.822777
  492.694600   261.539415
  492.717700   260.514305
  492.740700   259.553539
  492.763800   258.095060
  492.786800   258.589777
  492.809900   257.835550
  492.832900   255.398191
  492.856000   252.661077
  492.879100   251.977628
  492.902100   251.109595
  492.925200   248.156272
  492.948200   247.572160
  492.971300   245.334110
  492.994400   245.350776
  493.017400   244.457738
  493.040400   244.711665
  493.063500   243.959041
  493.086500   241.030096
  493.109600   239.363582
  493.132700   239.018211
  493.155700   240.037301
  493.178800   239.108574
  493.201800   236.436622
  493.224900   235.116613
  493.248000   234.195273
  493.271000   234.010331
  493.294000   233.502749
  493.317100   230.806056
  493.340100   229.994032
  493.363200   227.820095
  493.386300   225.794163
  493.409300   225.444233
  493.432400   222.525097
  493.455400   221.212696
  493.478500   222.733659
  493.501600   222.275120
  493.524600   220.558793
  493.547600   219.240991
  493.570700   219.225037
  493.593800   218.461258
  493.616800   216.572482
  493.639900   215.862300
  493.662900   215.159313
  493.686000   214.748396
  493.709000   213.556747
  493.732100   212.426996
  493.755200   211.060343
  493.778200   211.585673
  493.801200   210.685417
  493.824300   209.347215
  493.847400   207.619835
  493.870400   206.107253
  493.893500   206.175649
  493.916500   205.518729
  493.939600   204.850690
  493.962600   204.179766
  493.985700   202.639327
  494.008800   201.775243
  494.031800   201.490814
  494.054900   201.884280
  494.077900   199.570535
  494.101000   199.450532
  494.124000   199.056049
  494.147100   198.224703
  494.170100   196.396645
  494.193200   194.881198
  494.216200   193.155783
  494.239300   193.445487
  494.262400   192.557404
  494.285400   191.551114
  494.308500   190.440281
  494.331500   189.646256
  494.354600   188.579250
  494.377600   189.337504
  494.400700   188.178948
  494.423700   185.344087
  494.446800   184.140867
  494.469800   183.913682
  494.492900   183.630072
  494.516000   182.323359
  494.539000   180.748829
  494.562100   179.186805
  494.585100   177.909809
  494.608200   178.170651
  494.631200   178.090544
  494.654300   177.872475
  494.677300   177.374108
  494.700400   176.539435
  494.723400   176.516701
  494.746500   173.968379
  494.769600   172.302329
  494.792600   173.284042
  494.815700   172.740156
  494.838700   170.569681
  494.861800   169.616264
  494.884800   169.912731
  494.907900   170.002057
  494.930900   169.118318
  494.954000   168.461593
  494.977100   167.455580
  495.000100   165.558969
  495.023200   164.819855
  495.046200   165.028793
  495.069300   165.057379
  495.092300   164.293201
  495.115400   163.690425
  495.138400   162.581438
  495.161500   162.289819
  495.184500   161.262895
  495.207600   161.113641
  495.230700   160.652598
  495.253700   159.689000
  495.276800   160.063293
  495.299800   160.010385
  495.322900   158.775866
  495.345900   157.882577
  495.369000   157.799425
  495.392000   157.232017
  495.415100   156.934675
  495.438100   156.294750
  495.461200   155.759782
  495.484300   154.895406
  495.507300   154.477045
  495.530400   153.213815
  495.553400   152.543283
  495.576500   152.633698
  495.599500   152.821018
  495.622600   151.876664
  495.645600   150.664253
  495.668700   151.474318
  495.691700   151.945161
  495.714800   150.027574
  495.737900   148.670585
  495.760900   146.583409
  495.784000   146.238216
  495.807000   145.708465
  495.830100   143.918826
  495.853100   143.406465
  495.876200   142.971400
  495.899200   142.664844
  495.922300   142.149858
  495.945300   141.530157
  495.968400   141.134426
  495.991500   140.471468
  496.014500   140.210725
  496.037600   139.864056
  496.060600   138.543035
  496.083700   137.694967
  496.106700   137.528077
  496.129800   136.619280
  496.152800   135.993756
  496.175900   136.034056
  496.198900   135.818693
  496.222000   135.012790
  496.245100   135.143437
  496.268100   134.735414
  496.291200   133.477926
  496.314200   132.699686
  496.337300   133.048724
  496.360300   132.773111
  496.383400   131.528399
  496.406400   130.779416
  496.429500   130.949159
  496.452500   130.063150
  496.475600   130.019173
  496.498700   129.793833
  496.521700   128.843146
  496.544800   128.851927
  496.567800   129.445012
  496.590900   129.036519
  496.613900   127.793290
  496.637000   126.966925
  496.660000   126.724685
  496.683100   125.634663
  496.706100   124.037925
  496.729200   124.143136
  496.752300   124.597265
  496.775300   123.431176
  496.798400   123.273223
  496.821400   122.846048
  496.844500   121.862617
  496.867500   121.693391
  496.890600   122.316169
  496.913600   122.236083
  496.936700   122.027358
  496.959700   121.316447
  496.982800   121.116830
  497.005900   121.227920
  497.028900   119.849972
  497.052000   118.642296
  497.075000   118.381921
  497.098100   117.753078
  497.121100   117.401076
  497.144200   117.813606
  497.167200   117.695935
  497.190300   117.357722
  497.213300   117.508831
  497.236400   115.963985
  497.259500   115.158081
  497.282500   114.704532
  497.305600   114.408762
  497.328600   114.389234
  497.351700   114.485700
  497.374700   114.132278
  497.397800   114.264442
  497.420800   113.316202
  497.443900   113.270368
  497.466900   113.624608
  497.490000   113.002945
  497.513100   112.177418
  497.536100   111.791186
  497.559200   111.167874
  497.582200   110.176860
  497.605300   109.764909
  497.628300   110.074055
  497.651400   109.793469
  497.674400   109.448330
  497.697500   109.189785
  497.720600   108.861792
  497.743600   108.780457
  497.766700   109.052785
  497.789700   108.146904
  497.812800   107.573636
  497.835800   107.417743
  497.858900   106.410764
  497.881900   105.521017
  497.905000   105.265651
  497.928000   104.688935
  497.951100   103.757665
  497.974200   103.459255
  497.997200   103.663871
  498.020300   103.393845
  498.043300   103.690604
  498.066400   103.612010
  498.089400   103.078041
  498.112500   103.041206
  498.135500   103.416792
  498.158600   102.904743
  498.181600   101.701603
  498.204700   101.026574
