  645.290000    62.806680
  645.313000    63.241880
  645.336100    64.040991
  645.359100    64.273598
  645.382200    63.659994
  645.405300    63.507549
  645.428300    64.152349
  645.451400    64.134330
  645.474400    64.449664
  645.497500    64.873674
  645.520500    64.361581
  645.543600    64.825604
  645.566700    65.350608
  645.589700    65.422476
  645.612700    66.139012
  645.635800    66.664631
  645.658900    66.963882
  645.681900    67.352262
  645.705000    67.621465
  645.728000    66.578165
  645.751100    66.398728
  645.774100    66.732396
  645.797200    67.457361
  645.820300    67.803124
  645.843300    68.201328
  645.866300    68.513629
  645.889400    68.825590
  645.912500    69.278350
  645.935500    69.363376
  645.958600    69.944809
  645.981600    70.728282
  646.004700    70.546227
  646.027700    69.952237
  646.050800    70.058297
  646.073900    69.743110
  646.096900    70.141963
  646.119900    71.454538
  646.143000    71.516290
  646.166100    71.328381
  646.189100    71.200226
  646.212200    71.109965
  646.235200    71.294950
  646.258300    71.359100
  646.281300    71.799918
  646.304400    71.662298
  646.327500    72.279595
  646.350500    72.681232
  646.373500    72.000280
  646.396600    72.335204
  646.419700    73.016350
  646.442700    73.550789
  646.465800    73.820256
  646.488800    73.711828
  646.511900    73.898001
  646.534900    74.960843
  646.558000    75.825999
  646.581100    75.185671
  646.604100    74.555296
  646.627100    74.752486
  646.650200    74.901416
  646.673300    75.688321
  646.696300    75.346116
  646.719400    75.819818
  646.742400    75.600484
  646.765500    76.020527
  646.788500    76.488883
  646.811600    77.599993
  646.834700    78.972126
  646.857700    78.386212
  646.880700    77.682609
  646.903800    77.718649
  646.926900    77.838733
  646.949900    77.724521
  646.973000    78.686225
  646.996000    78.664072
  647.019100    79.408093
  647.042100    80.169933
  647.065200    80.041253
  647.088300    80.658708
  647.111300    80.517391
  647.134300    81.207127
  647.157400    81.088017
  647.180500    80.745129
  647.203500    80.935173
  647.226600    81.795285
  647.249600    82.444909
  647.272700    82.729723
  647.295700    82.717182
  647.318800    82.801867
  647.341900    83.346663
  647.364900    84.531756
  647.387900    85.022675
  647.411000    84.707202
  647.434100    85.897852
  647.457100    86.086613
  647.480200    86.375907
  647.503200    86.990095
  647.526300    87.207399
  647.549300    87.504889
  647.572400    87.360449
  647.595500    87.690237
  647.618500    88.399744
  647.641500    88.596432
  647.664600    89.087218
  647.687700    89.240879
  647.710700    88.576624
  647.733800    88.711756
  647.756800    89.479806
  647.779900    89.702815
  647.802900    90.388608
  647.826000    91.397109
  647.849100    91.223737
  647.872100    92.116804
  647.895100    92.408815
  647.918200    92.355551
  647.941300    92.978395
  647.964300    93.343304
  647.987400    94.408857
  648.010400    94.947315
  648.033500    95.642594
  648.056500    95.599677
  648.079600    96.347905
  648.102700    96.367240
  648.125700    96.658627
  648.148700    96.990926
  648.171800    97.366338
  648.194900    98.007462
  648.218000    98.743028
  648.241000   100.137333
  648.264000   100.379698
  648.287100   100.233766
  648.310100   100.205845
  648.333200   100.820178
  648.356300   102.433876
  648.379300   102.486974
  648.402300   102.819965
  648.425400   102.784807
  648.448500   103.364814
  648.471600   104.610927
  648.494600   104.317786
  648.517600   104.181309
  648.540700   104.609605
  648.563700   105.314370
  648.586800   105.558240
  648.609900   106.197466
  648.632900   106.498147
  648.655900   107.819391
  648.679000   108.421151
  648.702100   108.689218
  648.725200   109.478041
  648.748200   110.708877
  648.771200   110.605893
  648.794300   110.344806
  648.817300   110.907348
  648.840400   111.280922
  648.863500   111.926017
  648.886500   112.443091
  648.909500   114.083972
  648.932600   115.508510
  648.955700   115.487719
  648.978800   115.861344
  649.001800   115.777595
  649.024800   115.463875
  649.047900   116.220422
  649.070900   117.733697
  649.094000   118.945022
  649.117100   119.672571
  649.140100   119.401253
  649.163100   121.481588
  649.186200   121.484552
  649.209300   121.413806
  649.232400   121.907482
  649.255400   123.532793
  649.278400   124.320547
  649.301500   125.203822
  649.324500   126.012680
  649.347600   127.017356
  649.370700   127.603188
  649.393700   129.314421
  649.416700   130.078100
  649.439800   131.336083
  649.462900   131.293729
  649.486000   132.062576
  649.509000   132.039663
  649.532000   132.306650
  649.555100   133.227768
  649.578100   134.122113
  649.601200   134.663345
  649.624300   135.464585
  649.647300   137.686405
  649.670300   138.757815
  649.693400   139.788595
  649.716500   140.364912
  649.739600   141.304556
  649.762600   141.967488
  649.785600   143.798544
  649.808700   144.778446
  649.831700   145.275362
  649.854800   146.172237
  649.877900   146.874373
  649.900900   148.161309
  649.924000   150.074653
  649.947000   150.332460
  649.970100   150.973538
  649.993200   151.486705
  650.016200   153.042412
  650.039200   152.535112
  650.062300   154.566854
  650.085300   155.970069
  650.108400   156.426829
  650.131500   157.662995
  650.154500   159.202617
  650.177600   159.096877
  650.200600   159.880192
  650.223700   161.558757
  650.246800   164.052768
  650.269800   164.803758
  650.292800   165.733347
  650.315900   165.652480
  650.339000   166.486789
  650.362000   168.701308
  650.385100   170.566476
  650.408100   170.825660
  650.431200   172.972852
  650.454200   174.106798
  650.477300   175.231922
  650.500400   177.856385
  650.523400   178.418952
  650.546400   178.281012
  650.569500   180.165334
  650.592600   182.299462
  650.615600   183.557040
  650.638700   184.764074
  650.661700   185.693455
  650.684800   186.226796
  650.707800   187.791994
  650.730900   189.578400
  650.754000   192.054443
  650.777000   193.822966
  650.800000   194.871444
  650.823100   195.471673
  650.846200   197.629346
  650.869200   197.444474
  650.892300   198.977573
  650.915300   201.860830
  650.938400   203.112012
  650.961400   204.570576
  650.984500   206.643139
  651.007600   207.784186
  651.030600   210.554115
  651.053600   212.251360
  651.076700   214.828008
  651.099800   216.473679
  651.122800   218.163560
  651.145900   218.942901
  651.168900   219.207092
  651.192000   220.167861
  651.215000   223.516605
  651.238100   225.434838
  651.261200   227.611352
  651.284200   230.592900
  651.307300   231.833114
  651.330300   234.317806
  651.353400   236.803789
  651.376400   238.698631
  651.399500   239.185254
  651.422500   242.134382
  651.445600   246.081794
  651.468600   247.605100
  651.491700   247.213062
  651.514800   248.964946
  651.537800   251.489495
  651.560900   253.664369
  651.583900   255.504601
  651.607000   258.231287
  651.630000   260.853939
  651.653100   262.450124
  651.676100   263.716250
  651.699200   267.520973
  651.722200   270.667873
  651.745300   274.957718
  651.768400   276.618347
  651.791400   277.637228
  651.814500   280.633123
  651.837500   283.483604
  651.860600   286.337107
  651.883600   287.667096
  651.906700   289.318437
  651.929700   291.749694
  651.952800   295.823242
  651.975800   298.237418
  651.998900   302.808049
  652.022000   304.755889
  652.045000   308.037296
  652.068100   311.044645
  652.091100   312.728683
  652.114200   315.415368
  652.137200   317.135476
  652.160300   319.862728
  652.183300   322.682596
  652.206400   326.111204
  652.229400   328.183485
  652.252500   334.245699
  652.275600   338.651138
  652.298600   342.680901
  652.321700   346.303526
  652.344700   348.590355
  652.367800   354.694539
  652.390800   355.963759
  652.413900   358.731323
  652.437000   361.869213
  652.460000   365.431357
  652.483000   369.642565
  652.506100   373.990892
  652.529200   379.394989
  652.552200   382.855022
  652.575300   384.935401
  652.598300   387.360723
  652.621400   390.654574
  652.644400   395.479765
  652.667500   399.569998
  652.690600   403.444332
  652.713600   407.110670
  652.736600   409.284249
  652.759700   415.617579
  652.782800   419.660358
  652.805800   422.908432
  652.828900   428.759725
  652.851900   432.819343
  652.875000   436.029850
  652.898000   440.207305
  652.921100   446.397825
  652.944200   450.987765
  652.967200   455.397993
  652.990200   460.265212
  653.013300   465.561306
  653.036400   471.372619
  653.059400   477.984818
  653.082500   483.916103
  653.105500   487.341424
  653.128600   491.332365
  653.151600   496.873818
  653.174700   505.470556
  653.197800   512.325231
  653.220800   516.537477
  653.243800   518.972114
  653.266900   524.211620
  653.290000   534.079416
  653.313000   540.267436
  653.336100   543.566913
  653.359100   549.278584
  653.382200   557.689963
  653.405200   566.657456
  653.428300   576.071340
  653.451400   581.491774
  653.474400   588.923096
  653.497400   595.553096
  653.520500   601.157748
  653.543600   609.254700
  653.566600   618.141114
  653.589700   626.594961
  653.612700   634.190194
  653.635800   645.103360
  653.658800   650.217063
  653.681900   658.063618
  653.705000   667.011405
  653.728000   677.696734
  653.751000   683.785474
  653.774100   696.544284
  653.797200   703.045802
  653.820200   709.900728
  653.843300   719.325239
  653.866300   727.009695
  653.889400   738.322881
  653.912400   749.451872
  653.935500   760.625589
  653.958600   770.308276
  653.981600   781.686723
  654.004600   786.897073
  654.027700   796.960049
  654.050800   803.128330
  654.073900   815.219600
  654.096900   831.360543
  654.119900   841.826028
  654.143000   849.234974
  654.166000   862.011133
  654.189100   874.065305
  654.212200   883.693902
  654.235200   898.472170
  654.258200   915.923177
  654.281300   929.852859
  654.304400   939.701502
  654.327500   953.230997
  654.350500   966.999867
  654.373500   980.461347
  654.396600   995.098013
  654.419600  1008.821859
  654.442700  1022.820846
  654.465800  1038.142370
  654.488800  1052.672253
  654.511800  1063.312324
  654.534900  1079.829674
  654.558000  1099.645422
  654.581100  1119.840215
  654.604100  1135.788637
  654.627100  1152.556406
  654.650200  1169.143886
  654.673200  1188.249458
  654.696300  1202.469444
  654.719400  1223.005040
  654.742400  1246.755626
  654.765400  1262.669112
  654.788500  1283.539797
  654.811600  1302.024733
  654.834700  1327.867309
  654.857700  1347.910874
  654.880700  1368.388569
  654.903800  1388.003564
  654.926800  1419.022707
  654.949900  1440.986573
  654.973000  1464.445773
  654.996000  1484.627248
  655.019000  1510.159375
  655.042100  1535.014826
  655.065200  1565.318440
  655.088300  1590.593077
  655.111300  1619.861594
  655.134300  1644.097917
  655.157400  1669.698719
  655.180400  1695.488537
  655.203500  1720.861971
  655.226600  1753.888552
  655.249600  1789.350744
  655.272600  1817.726068
  655.295700  1844.299385
  655.318800  1870.029991
  655.341900  1896.519891
  655.364900  1929.798577
  655.387900  1963.445423
  655.411000  1993.941937
  655.434000  2031.604355
  655.457100  2060.072523
  655.480200  2099.725721
  655.503200  2128.448115
  655.526200  2157.512096
  655.549300  2201.524096
  655.572400  2231.591931
  655.595500  2262.552524
  655.618500  2289.638897
  655.641500  2341.829134
  655.664600  2370.102637
  655.687600  2409.967477
  655.710700  2441.745228
  655.733800  2480.355260
  655.756800  2508.456831
  655.779800  2546.850425
  655.802900  2576.430863
  655.826000  2609.767919
  655.849100  2641.810667
  655.872100  2665.051107
  655.895100  2694.180506
  655.918200  2722.107469
  655.941300  2748.235435
  655.964300  2766.392480
  655.987400  2786.783128
  656.010400  2800.379295
  656.033400  2823.500341
  656.056500  2839.914212
  656.079600  2859.955171
  656.102700  2861.130341
  656.125700  2860.162825
  656.148700  2868.763337
  656.171800  2871.525719
  656.194900  2890.700520
  656.217900  2877.016611
  656.241000  2876.912631
  656.264000  2866.973234
  656.287000  2855.994615
  656.310100  2849.923263
  656.333200  2846.117919
  656.356300  2828.321091
  656.379300  2816.322395
  656.402300  2800.922466
  656.425400  2786.995311
  656.448500  2768.657330
  656.471500  2748.756627
  656.494600  2730.906343
  656.517600  2701.988730
  656.540600  2672.457843
  656.563700  2653.354917
  656.586800  2632.971035
  656.609900  2608.067214
  656.632900  2582.757390
  656.655900  2547.256642
  656.679000  2518.256209
  656.702100  2479.519889
  656.725100  2458.517054
  656.748200  2430.333461
  656.771200  2391.854629
  656.794300  2362.033886
  656.817300  2327.894877
  656.840400  2295.691395
  656.863500  2262.897079
  656.886500  2245.537473
  656.909500  2210.152728
  656.932600  2177.265862
  656.955700  2149.631835
  656.978700  2107.980575
  657.001800  2077.438688
  657.024800  2039.984680
  657.047900  2016.509947
  657.070900  1986.002728
  657.094000  1962.032772
  657.117100  1929.532590
  657.140100  1900.001283
  657.163100  1868.269820
  657.186200  1843.577523
  657.209300  1814.931715
  657.232300  1791.439872
  657.255400  1760.745414
  657.278400  1734.464623
  657.301500  1701.005473
  657.324500  1682.072644
  657.347600  1650.167537
  657.370700  1615.478927
  657.393700  1591.773163
  657.416700  1566.136989
  657.439800  1549.966386
  657.462900  1525.260606
  657.485900  1500.473364
  657.509000  1474.366115
  657.532000  1448.882532
  657.555100  1428.728060
  657.578100  1402.634358
  657.601200  1384.093769
  657.624300  1358.354730
  657.647300  1341.776623
  657.670300  1325.131002
  657.693400  1302.938532
  657.716500  1281.803294
  657.739500  1261.711500
  657.762600  1244.491578
  657.785600  1226.681849
  657.808700  1209.989864
  657.831700  1197.728563
  657.854800  1176.510983
  657.877900  1157.593186
  657.900900  1138.904515
  657.924000  1121.962672
  657.947000  1105.141449
  657.970100  1087.609510
  657.993100  1070.461926
  658.016200  1055.439706
  658.039200  1038.235771
  658.062300  1025.783834
  658.085300  1009.218442
  658.108400   994.402041
  658.131500   983.382476
  658.154500   966.576300
  658.177600   954.672969
  658.200600   944.590072
  658.223700   931.078144
  658.246700   914.303726
  658.269800   899.635196
  658.292800   888.062679
  658.315900   879.702067
  658.338900   867.404494
  658.362000   855.987247
  658.385100   843.879070
  658.408100   831.084123
  658.431200   820.080772
  658.454200   811.617560
  658.477300   803.013292
  658.500300   791.723588
  658.523400   781.197550
  658.546400   770.155397
  658.569500   759.737318
  658.592500   748.999385
  658.615600   744.621157
  658.638700   735.488218
  658.661700   722.686308
  658.684800   711.234219
  658.707800   700.530661
  658.730900   693.610910
  658.753900   684.236723
  658.777000   674.313259
  658.800000   664.450276
  658.823100   656.533216
  658.846100   647.506670
  658.869200   641.740822
  658.892300   630.539584
  658.915300   627.072377
  658.938400   620.118769
  658.961400   610.119454
  658.984500   602.016503
  659.007500   597.477475
  659.030600   593.646775
  659.053600   584.025533
  659.076700   577.935042
  659.099700   572.177223
  659.122800   566.733924
  659.145900   562.195280
  659.168900   554.556090
  659.192000   548.049011
  659.215000   542.454769
  659.238100   535.597567
  659.261100   531.591243
  659.284200   527.877938
  659.307300   515.964527
  659.330300   510.387616
  659.353300   507.154672
  659.376400   501.675978
  659.399500   495.246570
  659.422500   490.967136
  659.445600   484.984301
  659.468600   481.854240
  659.491700   474.394279
  659.514700   470.949468
  659.537800   465.956009
  659.560900   459.370399
  659.583900   455.462189
  659.606900   453.119024
  659.630000   451.680884
  659.653100   443.880492
  659.676100   440.303594
  659.699200   436.065829
  659.722200   429.055065
  659.745300   423.062095
  659.768300   419.879366
  659.791400   417.227352
  659.814500   412.095701
  659.837500   408.630832
  659.860500   402.031190
  659.883600   396.549754
  659.906700   392.158731
  659.929700   388.646350
  659.952800   387.928970
  659.975800   384.507875
  659.998900   382.828682
  660.021900   379.215455
  660.045000   374.238120
  660.068100   370.778556
  660.091100   367.108713
  660.114100   362.610252
  660.137200   358.545137
  660.160300   355.926064
  660.183300   353.302225
  660.206400   352.192486
  660.229400   347.837502
  660.252500   343.884051
  660.275500   340.775325
  660.298600   337.027908
  660.321700   333.971903
  660.344700   331.844215
  660.367700   328.172966
  660.390800   324.187833
  660.413900   323.647555
  660.437000   321.384158
  660.460000   317.315217
  660.483000   314.544537
  660.506100   312.376254
  660.529100   310.208102
  660.552200   307.088103
  660.575300   302.826642
  660.598300   300.185959
  660.621300   297.605334
  660.644400   295.996395
  660.667500   291.843579
  660.690600   288.251129
  660.713600   284.970500
  660.736600   283.158199
  660.759700   283.832487
  660.782700   282.081192
  660.805800   280.323597
  660.828900   277.140863
  660.851900   271.608020
  660.874900   271.019593
  660.898000   269.853326
  660.921100   267.489319
  660.944200   263.905256
  660.967200   261.872161
  660.990200   259.569822
  661.013300   258.933990
  661.036300   257.296483
  661.059400   255.347218
  661.082500   251.228597
  661.105500   249.504744
  661.128500   248.536570
  661.151600   246.474689
  661.174700   244.591457
  661.197800   243.600872
  661.220800   241.788141
  661.243800   239.843898
  661.266900   237.071681
  661.289900   233.775342
  661.313000   231.980344
  661.336100   231.103917
  661.359100   230.027043
  661.382100   227.746569
  661.405200   226.870286
  661.428300   223.816244
  661.451400   223.585536
  661.474400   221.390161
  661.497400   218.644115
  661.520500   218.804982
  661.543500   215.732330
  661.566600   214.821776
  661.589700   212.461550
  661.612700   210.632674
  661.635700   209.217370
  661.658800   209.092946
  661.681900   207.248289
  661.705000   206.350880
  661.728000   204.221460
  661.751000   201.141922
  661.774100   199.405747
  661.797200   198.136603
  661.820200   197.281239
  661.843300   194.164508
  661.866300   192.839246
  661.889300   191.395774
  661.912400   190.673684
  661.935500   189.719801
  661.958600   188.740876
  661.981600   186.755729
  662.004600   186.126766
  662.027700   185.334057
  662.050800   183.817289
  662.073800   182.860936
  662.096900   182.005529
  662.119900   180.122858
  662.142900   178.549617
  662.166000   177.709409
  662.189100   176.888195
  662.212200   176.102004
  662.235200   174.981803
  662.258200   173.637341
  662.281300   172.584701
  662.304400   171.465771
  662.327400   169.735201
  662.350500   168.176925
  662.373500   167.739429
  662.396500   167.183577
  662.419600   165.630559
  662.442700   162.737094
  662.465800   161.803864
  662.488800   160.839053
  662.511800   159.285735
  662.534900   157.732047
  662.558000   156.918405
  662.581000   156.588674
  662.604100   154.757512
  662.627100   152.640749
  662.650100   151.689744
  662.673200   150.290945
  662.696300   150.023912
  662.719400   150.407084
  662.742400   149.722333
  662.765400   148.023165
  662.788500   147.564239
  662.811600   146.169336
  662.834600   145.831483
  662.857700   144.979949
  662.880700   144.221048
  662.903700   142.776088
  662.926800   141.345715
  662.949900   141.812997
  662.973000   140.706178
  662.996000   139.637869
  663.019000   138.289606
  663.042100   137.713455
  663.065200   137.713276
  663.088200   136.224003
  663.111300   134.855725
  663.134300   134.341707
  663.157300   134.587853
  663.180400   134.231349
  663.203500   133.116780
  663.226600   131.419834
  663.249600   130.236088
  663.272600   129.469519
  663.295700   129.567241
  663.318800   128.993361
  663.341800   128.051385
  663.364900   126.445759
  663.387900   125.213406
  663.410900   125.486505
  663.434000   124.794039
  663.457100   123.688648
  663.480200   123.675322
  663.503200   123.311792
  663.526200   123.209370
  663.549300   121.323898
  663.572400   121.543185
  663.595400   121.051548
  663.618500   119.858233
  663.641500   119.599821
  663.664600   119.251220
  663.687600   119.545468
  663.710700   118.020330
  663.733800   116.443073
  663.756800   116.414629
  663.779800   116.235304
  663.802900   115.576667
  663.826000   115.007443
  663.849000   113.599955
  663.872100   113.617557
  663.895100   112.405883
  663.918200   112.278974
  663.941200   111.574041
  663.964300   111.196170
  663.987400   109.805813
  664.010400   109.502699
  664.033400   109.646246
  664.056500   109.839597
  664.079600   108.928709
  664.102600   108.081395
  664.125700   107.576226
  664.148700   106.800165
  664.171800   105.366482
  664.194800   105.350773
  664.217900   105.616853
  664.241000   105.281178
  664.264000   105.039010
  664.287000   104.814620
  664.310100   103.658536
  664.333200   103.674013
  664.356200   102.954161
  664.379300   102.649761
  664.402300   101.238626
  664.425400   101.358406
  664.448400   101.080864
  664.471500   100.119741
  664.494600    98.948787
  664.517600   100.039090
  664.540600    99.990278
  664.563700    98.219470
  664.586800    98.314941
  664.609800    98.226254
  664.632900    97.977584
  664.655900    98.325334
  664.679000    97.481931
  664.702000    97.829924
  664.725100    97.837862
  664.748200    96.316892
  664.771200    95.246138
  664.794300    95.204258
  664.817300    94.443030
  664.840400    93.287322
  664.863400    92.887624
  664.886500    92.498858
  664.909500    92.081311
  664.932600    92.109172
  664.955600    90.885023
  664.978700    89.989321
  665.001800    90.171152
  665.024800    90.604900
  665.047900    91.678095
  665.070900    92.045108
  665.094000    90.703242
  665.117000    90.576609
  665.140100    89.914240
  665.163100    89.417427
  665.186200    89.223350
  665.209200    88.347783
  665.232300    88.359950
  665.255400    87.970856
  665.278400    87.213743
  665.301500    86.894004
  665.324500    85.939077
  665.347600    85.298274
  665.370600    86.405709
  665.393700    86.494213
  665.416700    85.631351
  665.439800    85.135881
  665.462800    84.514430
  665.485900    84.271461
  665.509000    83.386301
  665.532000    83.248157
  665.555100    83.523145
  665.578100    83.613548
  665.601200    83.106535
  665.624200    82.188034
  665.647300    82.473021
  665.670300    82.508817
  665.693400    82.029079
  665.716400    81.180580
  665.739500    81.166785
  665.762600    81.042997
  665.785600    80.632133
  665.808700    80.961924
  665.831700    80.274303
  665.854800    79.134261
  665.877800    78.578693
  665.900900    77.950617
  665.924000    78.618258
  665.947000    78.380702
  665.970000    77.648444
  665.993100    77.473707
  666.016200    76.699741
  666.039200    77.029991
  666.062300    76.399477
  666.085300    75.963657
  666.108400    76.407865
  666.131400    76.495445
  666.154500    76.238311
  666.177600    75.538106
  666.200600    75.366174
  666.223600    74.802198
  666.246700    75.111878
  666.269800    74.684747
  666.292800    74.280611
  666.315900    74.343791
  666.338900    74.462740
  666.362000    73.846066
  666.385000    72.970876
  666.408100    73.946274
  666.431200    74.166397
  666.454200    72.911280
  666.477200    73.241688
  666.500300    72.864895
  666.523400    72.437996
  666.546400    72.198915
  666.569500    71.924983
  666.592500    72.294955
  666.615600    71.955084
  666.638600    71.750847
  666.661700    71.337720
  666.684800    71.593554
  666.707800    71.133499
  666.730800    71.867534
  666.753900    72.153463
  666.777000    71.371463
  666.800000    71.309576
  666.823100    70.828031
  666.846100    69.957327
  666.869200    70.115453
  666.892200    69.832683
  666.915300    68.572444
  666.938400    67.712484
  666.961400    69.242330
  666.984400    69.672184
  667.007500    69.448882
  667.030600    69.097260
  667.053600    68.395893
  667.076700    67.721665
  667.099700    67.284720
  667.122800    67.196864
  667.145800    67.607688
  667.168900    67.914570
  667.192000    67.990167
  667.215000    66.965236
  667.238000    66.208342
  667.261100    66.154149
  667.284200    65.677287
  667.307300    65.273950
  667.330300    64.903872
  667.353300    64.656747
  667.376400    64.863909
  667.399500    65.228365
  667.422500    65.324937
  667.445600    64.925692
  667.468600    64.199946
  667.491600    64.041684
  667.514700    64.874771
  667.537800    64.688939
  667.560900    64.395306
  667.583900    64.128724
  667.606900    64.053630
  667.630000    64.108345
  667.653100    63.927809
  667.676100    63.993241
  667.699200    64.250055
  667.722200    63.921605
  667.745200    63.622021
  667.768300    63.322089
  667.791400    62.901428
  667.814500    61.990175
  667.837500    62.274973
  667.860500    62.511016
  667.883600    62.009381
  667.906700    61.432586
  667.929700    61.432462
  667.952800    61.014571
  667.975800    60.197723
  667.998800    60.535544
  668.021900    60.099384
  668.045000    60.243090
  668.068100    59.952437
  668.091100    59.719764
  668.114100    60.343831
  668.137200    60.818283
  668.160300    60.758050
  668.183300    60.785387
  668.206400    60.357705
  668.229400    59.481528
  668.252400    58.624280
  668.275500    58.857431
  668.298600    58.167356
  668.321700    57.799046
  668.344700    57.663980
