           1   5404.000    
           2   5212.000    
           3   4858.000    
           4   4393.000    
           5   4303.000    
           6   4444.000    
           7   4084.000    
           8   4642.000    
           9   4806.000    
          10   5177.000    
          11   5360.000    
          12   4790.000    
          13   4341.000    
          14   4889.000    
          15   4824.000    
          16   5479.000    
          17   5254.000    
          18   5248.000    
          19   4890.000    
          20   5296.000    
          21   5408.000    
          22   5883.000    
          23   5416.000    
          24   5280.000    
          25   5355.000    
          26   5034.000    
          27   5001.000    
          28   5581.000    
          29   5368.000    
          30   5913.000    
          31   5623.000    
          32   5424.000    
          33   5736.000    
          34   5367.000    
          35   5368.000    
          36   5553.000    
          37   5622.000    
          38   6479.000    
          39   6007.000    
          40   5891.000    
          41   5584.000    
          42   5699.000    
          43   6132.000    
          44   5752.000    
          45   5080.000    
          46   4824.000    
          47   4523.000    
          48   5822.000    
          49   5772.000    
          50   5496.000    
          51   5518.000    
          52   5158.000    
          53   4896.000    
          54   5167.000    
          55   5551.000    
          56   5288.000    
          57   5392.000    
          58   5674.000    
          59   5692.000    
          60   5880.000    
          61   6030.000    
          62   5798.000    
          63   5994.000    
          64   5164.000    
          65   5174.000    
          66   6169.000    
          67   5401.000    
          68   6263.000    
          69   5866.000    
          70   5867.000    
          71   5601.000    
          72   6017.000    
          73   5943.000    
          74   5454.000    
          75   5523.000    
          76   6182.000    
          77   6391.000    
          78   6268.000    
          79   6226.000    
          80   6872.000    
          81   6512.000    
          82   6579.000    
          83   5783.000    
          84   6084.000    
          85   6805.000    
          86   6917.000    
          87   6635.000    
          88   6399.000    
          89   6054.000    
          90   6367.000    
          91   6253.000    
          92   6119.000    
          93   6194.000    
          94   6122.000    
          95   5986.000    
          96   6066.000    
          97   6883.000    
          98   7164.000    
          99   6642.000    
         100   7210.000    
         101   6773.000    
         102   6201.000    
         103   6545.000    
         104   6001.000    
         105   6879.000    
         106   7377.000    
         107   6796.000    
         108   7923.000    
         109   6982.000    
         110   6119.000    
         111   5744.000    
         112   5999.000    
         113   6770.000    
         114   6567.000    
         115   6321.000    
         116   6643.000    
         117   6432.000    
         118   6448.000    
         119   6000.000    
         120   5870.000    
         121   6467.000    
         122   6749.000    
         123   6678.000    
         124   7069.000    
         125   6751.000    
         126   6919.000    
         127   6354.000    
         128   6438.000    
         129   5959.000    
         130   6920.000    
         131   6575.000    
         132   7115.000    
         133   6376.000    
         134   6746.000    
         135   7190.000    
         136   7385.000    
         137   7506.000    
         138   6561.000    
         139   6716.000    
         140   6046.000    
         141   6716.000    
         142   6795.000    
         143   7421.000    
         144   7172.000    
         145   8239.000    
         146   7789.000    
         147   7411.000    
         148   6908.000    
         149   6407.000    
         150   6934.000    
         151   8126.000    
         152   7896.000    
         153   7000.000    
         154   6711.000    
         155   6951.000    
         156   6375.000    
         157   6970.000    
         158   7137.000    
         159   7743.000    
         160   7985.000    
         161   7786.000    
         162   7757.000    
         163   8239.000    
         164   8140.000    
         165   7471.000    
         166   7356.000    
         167   7164.000    
         168   7050.000    
         169   6433.000    
         170   7059.000    
         171   7106.000    
         172   7989.000    
         173   8476.000    
         174   8730.000    
         175   7975.000    
         176   7967.000    
         177   7249.000    
         178   7107.000    
         179   7455.000    
         180   7064.000    
         181   7186.000    
         182   7088.000    
         183   6680.000    
         184   7502.000    
         185   7933.000    
         186   8265.000    
         187   7622.000    
         188   7598.000    
         189   7972.000    
         190   7609.000    
         191   7569.000    
         192   7974.000    
         193   8815.000    
         194   8204.000    
         195   7848.000    
         196   7321.000    
         197   6945.000    
         198   7170.000    
         199   7570.000    
         200   7531.000    
         201   7955.000    
         202   8124.000    
         203   9125.000    
         204   8784.000    
         205   7273.000    
         206   7588.000    
         207   7112.000    
         208   7808.000    
         209   7633.000    
         210   7885.000    
         211   7891.000    
         212   7852.000    
         213   7365.000    
         214   7453.000    
         215   8364.000    
         216   7794.000    
         217   7559.000    
         218   6807.000    
         219   7454.000    
         220   7345.000    
         221   8030.000    
         222   7778.000    
         223   7013.000    
         224   7668.000    
         225   7309.000    
         226   7783.000    
         227   8278.000    
         228   7962.000    
         229   7947.000    
         230   7845.000    
         231   7570.000    
         232   7502.000    
         233   7322.000    
         234   7685.000    
         235   7692.000    
         236   6883.000    
         237   6834.000    
         238   7158.000    
         239   7800.000    
         240   7671.000    
         241   8265.000    
         242   8311.000    
         243   7696.000    
         244   7209.000    
         245   7556.000    
         246   7802.000    
         247   7428.000    
         248   7740.000    
         249   8155.000    
         250   7583.000    
         251   7590.000    
         252   7649.000    
         253   7884.000    
         254   7543.000    
         255   8256.000    
         256   7434.000    
         257   6709.000    
         258   7086.000    
         259   7757.000    
         260   8402.000    
         261   7983.000    
         262   8088.000    
         263   8405.000    
         264   7497.000    
         265   6619.000    
         266   7102.000    
         267   7091.000    
         268   7246.000    
         269   7586.000    
         270   7268.000    
         271   7554.000    
         272   7837.000    
         273   8010.000    
         274   7864.000    
         275   8305.000    
         276   7986.000    
         277   8210.000    
         278   7442.000    
         279   7863.000    
         280   7525.000    
         281   8030.000    
         282   7277.000    
         283   7638.000    
         284   8156.000    
         285   7419.000    
         286   7725.000    
         287   7792.000    
         288   7321.000    
         289   7369.000    
         290   7668.000    
         291   8086.000    
         292   8208.000    
         293   7640.000    
         294   7489.000    
         295   7940.000    
         296   8176.000    
         297   7614.000    
         298   7549.000    
         299   7547.000    
         300   7646.000    
         301   7617.000    
         302   8026.000    
         303   8329.000    
         304   8690.000    
         305   8370.000    
         306   7779.000    
         307   7263.000    
         308   7781.000    
         309   8054.000    
         310   7887.000    
         311   7029.000    
         312   7487.000    
         313   8385.000    
         314   8599.000    
         315   9194.000    
         316   8635.000    
         317   7972.000    
         318   8365.000    
         319   7983.000    
         320   7976.000    
         321   7901.000    
         322   7892.000    
         323   7634.000    
         324   7294.000    
         325   8619.000    
         326   7597.000    
         327   7818.000    
         328   6991.000    
         329   7999.000    
         330   7905.000    
         331   8298.000    
         332   8011.000    
         333   7711.000    
         334   7908.000    
         335   8482.000    
         336   7782.000    
         337   8516.000    
         338   7825.000    
         339   7468.000    
         340   7484.000    
         341   8385.000    
         342   8296.000    
         343   7671.000    
         344   7873.000    
         345   8296.000    
         346   8693.000    
         347   8189.000    
         348   8745.000    
         349   8782.000    
         350   7873.000    
         351   8904.000    
         352   8058.000    
         353   7672.000    
         354   7518.000    
         355   8960.000    
         356   7778.000    
         357   8502.000    
         358   8407.000    
         359   8501.000    
         360   8785.000    
         361   8616.000    
         362   9032.000    
         363   8278.000    
         364   8869.000    
         365   8474.000    
         366   8158.000    
         367   8344.000    
         368   7968.000    
         369   9073.000    
         370   8890.000    
         371   9443.000    
         372   9295.000    
         373   8729.000    
         374   9099.000    
         375   9348.000    
         376   9217.000    
         377   8878.000    
         378   8591.000    
         379   8566.000    
         380   8960.000    
         381   9353.000    
         382   8671.000    
         383   8530.000    
         384   9358.000    
         385   8990.000    
         386   9471.000    
         387   9657.000    
         388   8813.000    
         389   8038.000    
         390   8429.000    
         391   8347.000    
         392   7744.000    
         393   7815.000    
         394   8736.000    
         395   8091.000    
         396   8990.000    
         397   7911.000    
         398   7849.000    
         399   7672.000    
         400   8509.000    
         401   7845.000    
         402   7098.000    
         403   7365.000    
         404   7427.000    
         405   7925.000    
         406   8017.000    
         407   8652.000    
         408   8897.000    
         409   9101.000    
         410   8399.000    
         411   8199.000    
         412   8870.000    
         413   7439.000    
         414   7678.000    
         415   7363.000    
         416   7701.000    
         417   7796.000    
         418   8242.000    
         419   8130.000    
         420   8844.000    
         421   9078.000    
         422   9423.000    
         423   9085.000    
         424   8802.000    
         425   9045.000    
         426   9197.000    
         427   9116.000    
         428   9162.000    
         429   8981.000    
         430   8242.000    
         431   7603.000    
         432   7751.000    
         433   8016.000    
         434   8366.000    
         435   8966.000    
         436   9114.000    
         437   9222.000    
         438   8270.000    
         439   9073.000    
         440   9060.000    
         441   9390.000    
         442   8402.000    
         443   8608.000    
         444   8260.000    
         445   7594.000    
         446   7973.000    
         447   7671.000    
         448   6903.000    
         449   7998.000    
         450   8033.000    
         451   8061.000    
         452   8439.000    
         453   8629.000    
         454   8870.000    
         455   8897.000    
         456   8129.000    
         457   7865.000    
         458   7802.000    
         459   8956.000    
         460   8628.000    
         461   8112.000    
         462   8226.000    
         463   8710.000    
         464   8419.000    
         465   8313.000    
         466   9071.000    
         467   8818.000    
         468   7965.000    
         469   8458.000    
         470   8627.000    
         471   7721.000    
         472   7777.000    
         473   7790.000    
         474   8248.000    
         475   8138.000    
         476   8361.000    
         477   9198.000    
         478   7875.000    
         479   8416.000    
         480   8571.000    
         481   7941.000    
         482   7664.000    
         483   8504.000    
         484   8483.000    
         485   9745.000    
         486   8828.000    
         487   8064.000    
         488   8733.000    
         489   8703.000    
         490   7670.000    
         491   7629.000    
         492   7810.000    
         493   7964.000    
         494   7631.000    
         495   7549.000    
         496   7742.000    
         497   7741.000    
         498   8373.000    
         499   8394.000    
         500   8653.000    
         501   8976.000    
         502   9496.000    
         503   9124.000    
         504   8976.000    
         505   9017.000    
         506   8612.000    
         507   8136.000    
         508   8924.000    
         509   8551.000    
         510   8703.000    
         511   8100.000    
         512   7540.000    
         513   8120.000    
         514   8112.000    
         515   8014.000    
         516   8417.000    
         517   7967.000    
         518   8138.000    
         519   7130.000    
         520   7995.000    
         521   8919.000    
         522   8624.000    
         523   8474.000    
         524   8333.000    
         525   8332.000    
         526   7626.000    
         527   8035.000    
         528   7494.000    
         529   7649.000    
         530   6745.000    
         531   6768.000    
         532   6982.000    
         533   6953.000    
         534   8043.000    
         535   7704.000    
         536   7832.000    
         537   7402.000    
         538   7936.000    
         539   8317.000    
         540   8439.000    
         541   7439.000    
         542   7952.000    
         543   8084.000    
         544   8408.000    
         545   8027.000    
         546   7550.000    
         547   7808.000    
         548   7227.000    
         549   7428.000    
         550   8228.000    
         551   8701.000    
         552   8242.000    
         553   8052.000    
         554   7225.000    
         555   7301.000    
         556   7184.000    
         557   7307.000    
         558   6993.000    
         559   7335.000    
         560   8362.000    
         561   8456.000    
         562   8825.000    
         563   8563.000    
         564   8102.000    
         565   7690.000    
         566   7825.000    
         567   7667.000    
         568   8163.000    
         569   8535.000    
         570   8490.000    
         571   8022.000    
         572   8843.000    
         573   8141.000    
         574   8690.000    
         575   9061.000    
         576   7872.000    
         577   7550.000    
         578   7740.000    
         579   8164.000    
         580   8697.000    
         581   8251.000    
         582   7827.000    
         583   7696.000    
         584   7045.000    
         585   7355.000    
         586   7386.000    
         587   7176.000    
         588   7554.000    
         589   6842.000    
         590   6908.000    
         591   8080.000    
         592   7667.000    
         593   8633.000    
         594   8291.000    
         595   6873.000    
         596   8139.000    
         597   7439.000    
         598   8084.000    
         599   8177.000    
         600   7137.000    
         601   7257.000    
         602   6763.000    
         603   6966.000    
         604   6975.000    
         605   8437.000    
         606   8537.000    
         607   7981.000    
         608   8267.000    
         609   7788.000    
         610   8702.000    
         611   8113.000    
         612   8146.000    
         613   8067.000    
         614   8911.000    
         615   8412.000    
         616   8694.000    
         617   7919.000    
         618   7509.000    
         619   8354.000    
         620   8296.000    
         621   8659.000    
         622   8679.000    
         623   8022.000    
         624   7404.000    
         625   7411.000    
         626   7752.000    
         627   7303.000    
         628   8942.000    
         629   8100.000    
         630   7627.000    
         631   7166.000    
         632   7560.000    
         633   6856.000    
         634   7876.000    
         635   7757.000    
         636   7395.000    
         637   7133.000    
         638   6917.000    
         639   7338.000    
         640   7349.000    
         641   7362.000    
         642   6969.000    
         643   7159.000    
         644   7243.000    
         645   7808.000    
         646   7267.000    
         647   7461.000    
         648   7021.000    
         649   6990.000    
         650   7408.000    
         651   8163.000    
         652   7991.000    
         653   7838.000    
         654   7656.000    
         655   7032.000    
         656   7522.000    
         657   7873.000    
         658   7076.000    
         659   7192.000    
         660   7313.000    
         661   7661.000    
         662   7679.000    
         663   7310.000    
         664   6437.000    
         665   6478.000    
         666   5732.000    
         667   6838.000    
         668   7202.000    
         669   7567.000    
         670   7906.000    
         671   7386.000    
         672   7046.000    
         673   6822.000    
         674   6649.000    
         675   6384.000    
         676   6219.000    
         677   7086.000    
         678   6865.000    
         679   6360.000    
         680   7382.000    
         681   6308.000    
         682   7024.000    
         683   6460.000    
         684   7236.000    
         685   6587.000    
         686   6009.000    
         687   6167.000    
         688   7026.000    
         689   6757.000    
         690   7328.000    
         691   6870.000    
         692   6862.000    
         693   6364.000    
         694   6132.000    
         695   6591.000    
         696   6983.000    
         697   6563.000    
         698   6902.000    
         699   6745.000    
         700   7149.000    
         701   6618.000    
         702   5883.000    
         703   6458.000    
         704   6158.000    
         705   6586.000    
         706   6638.000    
         707   6182.000    
         708   6698.000    
         709   6917.000    
         710   7215.000    
         711   7419.000    
         712   6491.000    
         713   6649.000    
         714   6833.000    
         715   6212.000    
         716   6680.000    
         717   6404.000    
         718   6702.000    
         719   7007.000    
         720   7383.000    
         721   7449.000    
         722   7255.000    
         723   7380.000    
         724   7130.000    
         725   6193.000    
         726   6029.000    
         727   6736.000    
         728   7084.000    
         729   7770.000    
         730   7196.000    
         731   7225.000    
         732   7005.000    
         733   7241.000    
         734   7277.000    
         735   7700.000    
         736   7756.000    
         737   8029.000    
         738   7752.000    
         739   7435.000    
         740   6849.000    
         741   7207.000    
         742   6995.000    
         743   7695.000    
         744   8295.000    
         745   7940.000    
         746   7910.000    
         747   7243.000    
         748   6299.000    
         749   6717.000    
         750   7570.000    
         751   7061.000    
         752   6683.000    
         753   6714.000    
         754   5988.000    
         755   5835.000    
         756   6024.000    
         757   6662.000    
         758   6141.000    
         759   6131.000    
         760   6445.000    
         761   6087.000    
         762   6555.000    
         763   6555.000    
         764   6616.000    
         765   6557.000    
         766   6503.000    
         767   6258.000    
         768   6938.000    
         769   5762.000    
         770   6560.000    
         771   6477.000    
         772   6781.000    
         773   6972.000    
         774   6516.000    
         775   7357.000    
         776   6851.000    
         777   6709.000    
         778   6479.000    
         779   6246.000    
         780   6176.000    
         781   6095.000    
         782   6218.000    
         783   6593.000    
         784   6105.000    
         785   5689.000    
         786   5538.000    
         787   5302.000    
         788   5772.000    
         789   5599.000    
         790   5596.000    
         791   5510.000    
         792   5364.000    
         793   4833.000    
         794   5023.000    
         795   5293.000    
         796   5732.000    
         797   6270.000    
         798   5783.000    
         799   5900.000    
         800   6407.000    
         801   6316.000    
         802   5921.000    
         803   5703.000    
         804   5900.000    
         805   6008.000    
         806   6236.000    
         807   6422.000    
         808   6309.000    
         809   6250.000    
         810   6097.000    
         811   5855.000    
         812   5858.000    
         813   6165.000    
         814   5475.000    
         815   5390.000    
         816   5585.000    
         817   5817.000    
         818   5050.000    
         819   5202.000    
         820   5771.000    
         821   5457.000    
         822   5365.000    
         823   5750.000    
         824   6016.000    
         825   6583.000    
         826   6056.000    
         827   5683.000    
         828   5793.000    
         829   5652.000    
         830   5882.000    
         831   5943.000    
         832   5251.000    
         833   5254.000    
         834   5018.000    
         835   4960.000    
         836   5234.000    
         837   4885.000    
         838   5259.000    
         839   4647.000    
         840   5543.000    
         841   5537.000    
         842   5573.000    
         843   5408.000    
         844   5519.000    
         845   5260.000    
         846   4828.000    
         847   5385.000    
         848   5263.000    
         849   5634.000    
         850   5483.000    
         851   4912.000    
         852   5086.000    
         853   4947.000    
         854   4734.000    
         855   4757.000    
         856   4961.000    
         857   4673.000    
         858   4375.000    
         859   4193.000    
         860   4528.000    
         861   4887.000    
         862   5130.000    
         863   4489.000    
         864   4299.000    
         865   4641.000    
         866   4417.000    
         867   4584.000    
         868   4650.000    
         869   4143.000    
         870   4386.000    
         871   4588.000    
         872   4410.000    
         873   4256.000    
         874   4330.000    
         875   4275.000    
         876   4409.000    
         877   4749.000    
         878   4712.000    
         879   4192.000    
         880   4008.000    
         881   4317.000    
         882   4543.000    
         883   4869.000    
         884   4656.000    
         885   4837.000    
         886   5005.000    
         887   4188.000    
         888   4386.000    
         889   4255.000    
         890   4539.000    
         891   3956.000    
         892   4010.000    
         893   3937.000    
         894   4268.000    
         895   3970.000    
         896   4288.000    
         897   4433.000    
         898   4233.000    
         899   4110.000    
         900   3901.000    
         901   4462.000    
         902   3946.000    
         903   3883.000    
         904   3550.000    
         905   3469.000    
         906   4342.000    
         907   4201.000    
         908   4190.000    
         909   4081.000    
         910   4036.000    
         911   4508.000    
         912   4111.000    
         913   4091.000    
         914   3939.000    
         915   4317.000    
         916   4327.000    
         917   4602.000    
         918   4091.000    
         919   4198.000    
         920   4019.000    
         921   3853.000    
         922   3579.000    
         923   3360.000    
         924   3354.000    
         925   3682.000    
         926   3662.000    
         927   3686.000    
         928   4031.000    
         929   4057.000    
         930   4214.000    
         931   4288.000    
         932   4314.000    
         933   3873.000    
         934   3757.000    
         935   4155.000    
         936   3842.000    
         937   3625.000    
         938   3792.000    
         939   3894.000    
         940   3631.000    
         941   3744.000    
         942   3938.000    
         943   3951.000    
         944   3200.000    
         945   3560.000    
         946   3411.000    
         947   3896.000    
         948   3851.000    
         949   3794.000    
         950   3710.000    
         951   3631.000    
         952   3655.000    
         953   3478.000    
         954   3145.000    
         955   3194.000    
         956   3028.000    
         957   3256.000    
         958   3205.000    
         959   3022.000    
         960   2689.000    
         961   2677.000    
         962   2485.000    
         963   2553.000    
         964   2341.000    
         965   2273.000    
         966   1936.000    
         967   1720.000    
         968   1617.000    
         969   1253.000    
         970   1356.000    
         971   1589.000    
         972   1384.000    
         973   1197.000    
         974   967.0000    
         975   808.0000    
         976   759.0000    
         977   575.0000    
         978   504.0000    
         979   535.0000    
         980   319.0000    
         981   406.0000    
         982   170.0000    
         983   129.0000    
         984   30.00000    
         985   345.0000    
         986   216.0000    
         987   271.0000    
         988   305.0000    
         989   146.0000    
         990   44.00000    
         991   73.00000    
         992   43.00000    
         993   251.0000    
         994   247.0000    
         995   67.00000    
         996   135.0000    
         997   228.0000    
         998   11.00000    
         999   142.0000    
        1000   151.0000    
        1001   303.0000    
        1002   211.0000    
        1003   142.0000    
        1004  -2.000000    
        1005   179.0000    
        1006   324.0000    
        1007   325.0000    
        1008  -94.00000    
        1009   121.0000    
        1010  -120.0000    
        1011   89.00000    
        1012   120.0000    
        1013   208.0000    
        1014   59.00000    
        1015   163.0000    
        1016  -50.00000    
        1017  -7.000000    
        1018   108.0000    
        1019   88.00000    
        1020  -94.00000    
        1021  -84.00000    
        1022   113.0000    
        1023   110.0000    
        1024   53.00000    
