   370.0960       20499.75
   370.1188       21332.87
   370.1416       20274.23
   370.1644       20761.31
   370.1872       20947.88
   370.2100       20385.77
   370.2328       19676.42
   370.2556       20289.10
   370.2785       19960.94
   370.3013       20836.50
   370.3241       20981.37
   370.3469       20127.07
   370.3697       20117.53
   370.3925       20130.97
   370.4153       20906.45
   370.4381       21757.99
   370.4610       21242.96
   370.4838       20778.99
   370.5066       21850.02
   370.5294       21667.65
   370.5522       22383.53
   370.5750       20690.55
   370.5978       20855.86
   370.6206       20855.62
   370.6435       21008.65
   370.6663       20708.93
   370.6891       21398.11
   370.7119       20737.29
   370.7347       19847.01
   370.7575       20430.54
   370.7803       21076.70
   370.8031       21303.02
   370.8259       21708.30
   370.8488       22645.60
   370.8716       20877.14
   370.8944       20409.70
   370.9172       20412.04
   370.9400       20069.44
   370.9628       19642.88
   370.9856       20388.26
   371.0084       20551.93
   371.0312       20678.06
   371.0540       20311.61
   371.0769       20073.17
   371.0997       20768.62
   371.1225       19683.03
   371.1453       19897.59
   371.1681       20299.63
   371.1909       20161.25
   371.2137       19884.38
   371.2365       21575.73
   371.2594       21059.88
   371.2822       20628.68
   371.3050       20467.87
   371.3278       20334.00
   371.3506       20873.41
   371.3734       20228.55
   371.3962       20231.79
   371.4190       20412.62
   371.4418       20451.71
   371.4647       21092.99
   371.4875       21384.80
   371.5103       22210.49
   371.5331       22105.14
   371.5559       21432.62
   371.5787       21319.39
   371.6015       20242.34
   371.6243       20380.28
   371.6472       20920.77
   371.6700       21026.55
   371.6928       21024.28
   371.7156       21231.65
   371.7384       20633.66
   371.7612       22410.92
   371.7840       21420.30
   371.8068       20728.66
   371.8297       21746.55
   371.8524       21986.57
   371.8752       20665.92
   371.8981       20796.15
   371.9209       21158.23
   371.9437       21386.23
   371.9665       21900.20
   371.9893       22179.78
   372.0121       21366.91
   372.0349       21587.13
   372.0577       21444.50
   372.0806       21671.34
   372.1034       20932.68
   372.1262       21842.93
   372.1490       21759.62
   372.1718       21849.82
   372.1946       21157.90
   372.2174       21009.30
   372.2402       20411.81
   372.2631       20203.40
   372.2859       20727.48
   372.3087       22160.29
   372.3315       21437.72
   372.3543       21546.55
   372.3771       21678.37
   372.3999       21462.58
   372.4227       21144.12
   372.4456       21606.59
   372.4684       21577.01
   372.4911       22310.71
   372.5140       21819.36
   372.5368       21780.84
   372.5596       21477.57
   372.5824       21628.86
   372.6052       21880.21
   372.6280       21282.14
   372.6508       22260.84
   372.6736       21084.20
   372.6965       21127.82
   372.7193       21339.31
   372.7421       21350.72
   372.7649       22376.66
   372.7877       21954.79
   372.8105       22374.87
   372.8333       22992.23
   372.8561       22710.38
   372.8790       22085.30
   372.9018       21784.87
   372.9246       22340.54
   372.9474       22207.18
   372.9702       22687.41
   372.9930       22343.59
   373.0158       21430.46
   373.0386       21468.77
   373.0614       23065.93
   373.0843       22755.72
   373.1071       22293.99
   373.1299       22497.81
   373.1527       22726.87
   373.1755       22862.28
   373.1983       23710.96
   373.2211       22594.58
   373.2439       23380.37
   373.2668       22049.31
   373.2896       22630.46
   373.3124       23717.19
   373.3352       23653.01
   373.3580       21737.99
   373.3808       21832.83
   373.4036       21666.33
   373.4264       22825.66
   373.4492       22753.71
   373.4720       22420.12
   373.4949       22606.87
   373.5177       22185.66
   373.5405       23409.07
   373.5633       23398.69
   373.5861       23424.02
   373.6089       23351.96
   373.6317       22797.69
   373.6545       23243.65
   373.6773       24250.67
   373.7002       23466.68
   373.7230       23035.05
   373.7458       23348.21
   373.7686       23188.83
   373.7914       23896.19
   373.8142       24070.16
   373.8370       24666.43
   373.8598       25179.91
   373.8827       24628.09
   373.9055       24308.01
   373.9283       22939.92
   373.9511       22482.03
   373.9739       23457.87
   373.9967       22809.77
   374.0195       23415.88
   374.0423       23299.70
   374.0652       23569.21
   374.0880       22822.83
   374.1108       23297.90
   374.1336       24034.32
   374.1564       24897.82
   374.1792       23894.62
   374.2020       23636.96
   374.2248       24139.68
   374.2476       23685.68
   374.2704       24364.60
   374.2932       23134.17
   374.3161       23921.19
   374.3389       24377.65
   374.3617       25077.00
   374.3845       25331.16
   374.4073       25383.15
   374.4301       24253.83
   374.4529       25786.81
   374.4757       24977.35
   374.4986       24597.21
   374.5214       25571.40
   374.5442       26459.17
   374.5670       25798.39
   374.5898       25373.27
   374.6126       24840.02
   374.6354       24194.26
   374.6582       26080.01
   374.6811       25605.50
   374.7039       24897.87
   374.7267       24992.66
   374.7495       25139.51
   374.7723       24828.58
   374.7951       26197.43
   374.8179       27011.79
   374.8407       26867.74
   374.8635       27831.04
   374.8864       27147.08
   374.9091       26806.63
   374.9320       27352.66
   374.9548       25667.66
   374.9776       25323.48
   375.0004       25909.50
   375.0232       25463.94
   375.0460       25737.72
   375.0688       25284.00
   375.0916       27947.55
   375.1145       26996.68
   375.1373       28146.31
   375.1601       25936.54
   375.1829       27294.58
   375.2057       27532.93
   375.2285       25422.59
   375.2513       25142.54
   375.2741       25050.12
   375.2970       25142.13
   375.3198       26203.64
   375.3426       24907.32
   375.3654       25536.86
   375.3882       25943.17
   375.4110       26795.22
   375.4338       25776.54
   375.4566       24821.35
   375.4794       26423.44
   375.5023       25046.50
   375.5251       26389.34
   375.5479       25726.44
   375.5707       25422.45
   375.5935       26151.01
   375.6163       26068.01
   375.6391       26820.79
   375.6619       25929.39
   375.6848       26251.69
   375.7076       25871.77
   375.7304       27053.20
   375.7532       26838.99
   375.7760       26653.30
   375.7988       26405.94
   375.8216       28019.42
   375.8444       26360.97
   375.8672       25987.69
   375.8900       27827.32
   375.9129       26446.81
   375.9357       26731.64
   375.9585       28065.48
   375.9813       27690.69
   376.0041       29383.59
   376.0269       29145.98
   376.0497       28950.15
   376.0725       28767.74
   376.0953       26952.15
   376.1182       28248.70
   376.1410       28240.15
   376.1638       27912.16
   376.1866       28856.31
   376.2094       27614.16
   376.2322       28076.15
   376.2550       27533.99
   376.2778       27442.86
   376.3007       28521.14
   376.3235       28253.16
   376.3463       29572.58
   376.3691       29173.06
   376.3919       29655.20
   376.4147       28743.05
   376.4375       28463.77
   376.4603       29148.07
   376.4832       28923.34
   376.5060       29558.88
   376.5288       29234.23
   376.5516       28122.89
   376.5744       27725.25
   376.5972       28418.36
   376.6200       29318.46
   376.6428       30867.32
   376.6656       28753.19
   376.6884       29393.62
   376.7112       29845.83
   376.7341       30131.28
   376.7569       28711.78
   376.7797       28603.53
   376.8025       29930.91
   376.8253       31211.68
   376.8481       31312.53
   376.8709       29984.49
   376.8937       30691.45
   376.9166       30747.56
   376.9394       31478.68
   376.9622       32487.24
   376.9850       32951.77
   377.0078       31558.25
   377.0306       33356.04
   377.0534       32485.21
   377.0762       31904.55
   377.0991       31679.88
   377.1219       30965.69
   377.1447       31993.61
   377.1675       32946.11
   377.1903       32599.29
   377.2131       33730.37
   377.2359       33120.53
   377.2587       32956.04
   377.2815       33799.50
   377.3044       32677.66
   377.3271       31529.62
   377.3500       31587.72
   377.3728       32309.04
   377.3956       30976.22
   377.4184       32045.88
   377.4412       35203.69
   377.4640       34230.05
   377.4868       34881.80
   377.5096       33456.88
   377.5325       34304.47
   377.5553       35398.34
   377.5781       33862.01
   377.6009       35342.86
   377.6237       36384.64
   377.6465       34324.35
   377.6693       34313.49
   377.6921       34994.76
   377.7150       33607.77
   377.7378       34722.25
   377.7606       34729.26
   377.7834       35207.27
   377.8062       36041.63
   377.8290       36601.59
   377.8518       35688.91
   377.8746       35655.32
   377.8974       35601.70
   377.9203       35193.64
   377.9431       34735.25
   377.9659       34792.41
   377.9887       35922.07
   378.0115       36806.88
   378.0343       36128.39
   378.0571       35067.09
   378.0799       35732.21
   378.1028       36271.57
   378.1255       36591.38
   378.1484       36095.93
   378.1712       36290.76
   378.1940       37162.68
   378.2168       37640.74
   378.2396       36560.47
   378.2624       36053.75
   378.2852       37028.91
   378.3080       38611.30
   378.3309       36646.96
   378.3537       35825.98
   378.3765       36461.77
   378.3993       37479.59
   378.4221       37857.05
   378.4449       38368.63
   378.4677       37576.89
   378.4905       37985.39
   378.5133       37125.88
   378.5362       37040.16
   378.5590       39091.52
   378.5818       37852.35
   378.6046       39291.27
   378.6274       39254.49
   378.6502       37366.86
   378.6730       37823.91
   378.6958       38344.62
   378.7187       36937.57
   378.7415       37979.80
   378.7643       39071.63
   378.7871       39868.52
   378.8099       40225.41
   378.8327       38296.87
   378.8555       37770.26
   378.8783       39514.59
   378.9012       39098.30
   378.9240       39182.81
   378.9468       38478.24
   378.9696       38485.54
   378.9924       40306.26
   379.0152       39082.36
   379.0380       39571.52
   379.0608       39404.96
   379.0836       39606.61
   379.1064       40568.68
   379.1292       40447.11
   379.1521       41212.10
   379.1749       40103.21
   379.1977       41017.15
   379.2205       40760.32
   379.2433       41309.16
   379.2661       39720.24
   379.2889       41367.38
   379.3117       41710.53
   379.3346       39809.18
   379.3574       41161.30
   379.3802       40117.86
   379.4030       40693.05
   379.4258       41186.70
   379.4486       42542.69
   379.4714       44712.88
   379.4942       44338.66
   379.5171       43060.90
   379.5399       44918.52
   379.5627       44850.31
   379.5855       44485.26
   379.6083       44485.67
   379.6311       45917.70
   379.6539       44758.76
   379.6767       43129.13
   379.6995       44251.44
   379.7224       44301.65
   379.7451       44742.71
   379.7680       43598.49
   379.7908       44244.25
   379.8136       45118.48
   379.8364       43038.48
   379.8592       44093.83
   379.8820       45108.58
   379.9048       44127.78
   379.9276       43518.28
   379.9505       43378.15
   379.9733       44918.32
   379.9961       45364.78
   380.0189       43916.68
   380.0417       44245.57
   380.0645       46349.75
   380.0873       47298.77
   380.1101       47874.45
   380.1330       47331.76
   380.1558       46275.02
   380.1786       45209.13
   380.2014       47078.74
   380.2242       48524.22
   380.2470       46767.81
   380.2698       47406.91
   380.2926       48467.71
   380.3154       47391.96
   380.3383       49296.46
   380.3611       46675.04
   380.3839       47961.11
   380.4067       46438.80
   380.4295       48024.31
   380.4523       47795.13
   380.4751       46259.63
   380.4979       49502.46
   380.5208       50906.81
   380.5435       50326.83
   380.5664       47704.47
   380.5892       48349.36
   380.6120       48490.41
   380.6348       47893.44
   380.6576       49211.81
   380.6804       49424.34
   380.7032       51656.69
   380.7260       50916.69
   380.7488       49227.32
   380.7717       52035.88
   380.7945       51512.97
   380.8173       48553.77
   380.8401       49117.07
   380.8629       50394.95
   380.8857       50995.69
   380.9085       51940.12
   380.9313       51689.25
   380.9542       50804.14
   380.9770       50419.90
   380.9998       51392.29
   381.0226       51530.89
   381.0454       53105.04
   381.0682       52711.52
   381.0910       52144.88
   381.1138       52554.32
   381.1367       54591.37
   381.1595       55149.52
   381.1823       53675.95
   381.2051       54301.97
   381.2279       56565.46
   381.2507       54608.16
   381.2735       57558.48
   381.2963       55390.68
   381.3192       55889.01
   381.3419       57965.52
   381.3647       56751.43
   381.3876       57298.14
   381.4104       56668.33
   381.4332       53850.49
   381.4560       55043.62
   381.4788       55769.00
   381.5016       57990.79
   381.5244       60450.90
   381.5472       58265.82
   381.5701       56386.34
   381.5929       54825.04
   381.6157       58458.18
   381.6385       59645.09
   381.6613       59340.51
   381.6841       58216.45
   381.7069       59616.37
   381.7297       57101.07
   381.7526       57266.52
   381.7754       58739.40
   381.7982       60839.50
   381.8210       59627.81
   381.8438       61571.68
   381.8666       59601.77
   381.8894       60397.24
   381.9122       62492.32
   381.9350       62921.96
   381.9579       60308.27
   381.9807       63570.08
   382.0035       61219.98
   382.0263       64994.68
   382.0491       61346.84
   382.0719       61640.82
   382.0947       61599.40
   382.1175       61797.50
   382.1404       63467.93
   382.1631       63879.77
   382.1860       65251.27
   382.2088       67749.42
   382.2316       64814.01
   382.2544       62920.99
   382.2772       66819.75
   382.3000       64449.52
   382.3228       64248.66
   382.3456       65334.41
   382.3685       66757.47
   382.3913       68009.60
   382.4141       66890.42
   382.4369       66914.55
   382.4597       65083.42
   382.4825       64578.88
   382.5053       66757.99
   382.5281       68618.41
   382.5509       68969.10
   382.5738       68832.73
   382.5966       69219.43
   382.6194       69791.27
   382.6422       70376.55
   382.6650       71647.87
   382.6878       71814.00
   382.7106       69840.37
   382.7334       70490.88
   382.7563       71180.16
   382.7791       70758.76
   382.8019       71524.32
   382.8247       69669.73
   382.8475       71064.83
   382.8703       72921.07
   382.8931       70535.46
   382.9159       69791.36
   382.9388       69514.74
   382.9615       69843.03
   382.9844       70333.24
   383.0072       69604.11
   383.0300       70648.45
   383.0528       67999.06
   383.0756       67592.61
   383.0984       71205.18
   383.1212       72200.12
   383.1440       66862.60
   383.1668       66156.32
   383.1897       68491.60
   383.2125       68801.33
   383.2353       68060.75
   383.2581       69358.43
   383.2809       67578.75
   383.3037       66952.39
   383.3265       68254.05
   383.3493       67992.28
   383.3722       67909.46
   383.3950       67563.63
   383.4178       70265.43
   383.4406       71080.34
   383.4634       72287.59
   383.4862       71886.35
   383.5090       72432.42
   383.5318       72384.64
   383.5547       71136.34
   383.5775       71381.20
   383.6003       70117.00
   383.6231       71264.45
   383.6459       71016.48
   383.6687       69127.45
   383.6915       69645.56
   383.7143       71227.88
   383.7371       70632.30
   383.7599       62149.03
   383.7827       69742.48
   383.8056       71450.24
   383.8284       72329.99
   383.8512       72466.42
   383.8740       74009.71
   383.8968       72317.82
   383.9196       72121.69
   383.9424       69613.00
   383.9652       71987.74
   383.9881       72801.45
   384.0109       72602.77
   384.0337       73967.28
   384.0565       70084.84
   384.0793       70493.49
   384.1021       72776.20
   384.1249       76451.12
   384.1477       76496.20
   384.1706       77387.54
   384.1934       74444.01
   384.2162       76127.63
   384.2390       75382.37
   384.2618       81235.26
   384.2846       78966.23
   384.3074       80439.21
   384.3302       78446.95
   384.3530       79363.36
   384.3759       78564.79
   384.3987       82319.41
   384.4215       83174.35
   384.4443       85608.19
   384.4671       86980.97
   384.4899       88816.59
   384.5127       87512.59
   384.5355       89971.18
   384.5583       91040.30
   384.5811       92659.65
   384.6040       95528.00
   384.6268       97600.83
   384.6496       101176.9
   384.6724       100811.0
   384.6952       104206.0
   384.7180       102738.9
   384.7408       104103.4
   384.7636       105903.6
   384.7865       113339.7
   384.8093       118357.6
   384.8321       118223.7
   384.8549       118070.5
   384.8777       118136.8
   384.9005       121887.1
   384.9233       120578.3
   384.9461       120100.8
   384.9689       118708.6
   384.9918       115177.6
   385.0146       114086.6
   385.0374       113944.7
   385.0602       116072.9
   385.0830       116268.1
   385.1058       115271.5
   385.1286       114851.1
   385.1514       109838.2
   385.1743       112588.5
   385.1971       110396.0
   385.2199       110725.7
   385.2427       110829.5
   385.2655       113170.0
   385.2883       115139.6
   385.3111       111379.7
   385.3339       113329.3
   385.3568       113932.0
   385.3795       112194.3
   385.4024       113600.2
   385.4252       110693.5
   385.4480       105558.4
   385.4708       104326.1
   385.4936       106209.0
   385.5164       103036.4
   385.5392       101487.2
   385.5620       99217.67
   385.5848       104007.5
   385.6077       106376.7
   385.6305       105269.0
   385.6533       109249.9
   385.6761       106139.8
   385.6989       110198.3
   385.7217       113866.7
   385.7445       118914.3
   385.7673       125037.5
   385.7902       125075.2
   385.8130       131776.8
   385.8358       132328.7
   385.8586       133693.6
   385.8814       135926.0
   385.9042       136037.5
   385.9270       139535.1
   385.9498       139947.5
   385.9727       140318.0
   385.9955       141125.2
   386.0183       136016.3
   386.0411       136477.5
   386.0639       128365.1
   386.0867       124476.8
   386.1095       115905.0
   386.1323       109857.2
   386.1551       103531.6
   386.1779       98447.72
   386.2007       94298.72
   386.2236       90607.95
   386.2464       85788.40
   386.2692       85636.98
   386.2920       85091.70
   386.3148       84963.98
   386.3376       82469.75
   386.3604       80469.90
   386.3832       83759.40
   386.4061       88088.60
   386.4289       87458.09
   386.4517       87912.19
   386.4745       87972.45
   386.4973       87668.91
   386.5201       89799.21
   386.5429       94899.91
   386.5657       96545.15
   386.5886       99699.93
   386.6114       101255.1
   386.6342       101815.7
   386.6570       103875.0
   386.6798       108450.0
   386.7026       114478.0
   386.7254       117051.2
   386.7482       121832.9
   386.7710       125435.3
   386.7939       125027.3
   386.8167       126170.2
   386.8395       126136.2
   386.8623       126398.0
   386.8851       126114.8
   386.9079       120751.6
   386.9307       117696.0
   386.9535       112602.1
   386.9763       109845.0
   386.9991       106502.2
   387.0220       102936.0
   387.0448       96667.47
   387.0676       91986.28
   387.0904       83239.85
   387.1132       76209.77
   387.1360       70617.34
   387.1588       66713.95
   387.1816       62643.95
   387.2045       61137.92
   387.2273       61799.20
   387.2501       62323.38
   387.2729       61368.89
   387.2957       59909.57
   387.3185       59366.86
   387.3413       59701.04
   387.3641       61846.30
   387.3869       63011.28
   387.4098       63890.24
   387.4326       62310.86
   387.4554       63970.20
   387.4782       66415.39
   387.5010       67011.30
   387.5238       69306.21
   387.5466       70683.99
   387.5694       73617.64
   387.5923       76226.22
   387.6151       76833.65
   387.6379       82098.41
   387.6607       81745.87
   387.6835       83978.55
   387.7063       89843.98
   387.7291       89745.24
   387.7519       94550.95
   387.7747       99214.98
   387.7975       109133.9
   387.8204       108104.7
   387.8432       115203.4
   387.8660       120928.1
   387.8888       127421.9
   387.9116       132494.0
   387.9344       140435.8
   387.9572       143122.2
   387.9800       144779.3
   388.0028       135865.5
   388.0257       138657.0
   388.0485       133726.9
   388.0713       129949.8
   388.0941       125119.6
   388.1169       119176.7
   388.1397       112490.4
   388.1625       109065.3
   388.1853       101175.9
   388.2082       89354.25
   388.2310       80273.48
   388.2538       68728.97
   388.2766       59085.92
   388.2994       49474.61
   388.3222       43082.96
   388.3450       39236.76
   388.3678       35461.39
   388.3907       33356.87
   388.4135       32450.08
   388.4362       29792.06
   388.4591       28992.99
   388.4819       28415.20
   388.5047       27453.28
   388.5275       26226.80
   388.5503       24219.34
   388.5731       24284.30
   388.5959       25160.96
   388.6187       24910.10
   388.6416       23211.46
   388.6644       22584.00
   388.6872       22463.21
   388.7100       22170.24
   388.7328       22690.41
   388.7556       22788.63
   388.7784       22601.50
   388.8012       21562.24
   388.8241       21865.31
   388.8469       21058.93
   388.8697       21208.75
   388.8925       21724.58
   388.9153       20836.14
   388.9381       20547.05
   388.9609       21696.31
   388.9837       22100.00
   389.0066       21656.34
   389.0294       21668.76
   389.0522       22504.44
   389.0750       21775.50
   389.0978       22318.67
   389.1206       22755.63
   389.1434       22220.43
   389.1662       22029.20
   389.1890       22212.46
   389.2119       22129.61
   389.2346       21602.35
   389.2575       20941.37
   389.2803       20404.05
   389.3031       21032.73
   389.3259       21191.48
   389.3487       22180.33
   389.3715       22178.87
   389.3943       22684.14
   389.4171       21907.82
   389.4400       21758.44
   389.4628       21613.45
   389.4856       22128.24
   389.5084       21278.16
   389.5312       21054.81
   389.5540       20863.88
   389.5768       20742.81
   389.5996       20085.96
   389.6224       20117.19
   389.6453       19912.96
   389.6681       21285.04
   389.6909       21496.51
   389.7137       21316.02
   389.7365       20701.67
   389.7593       20290.07
   389.7821       20239.50
   389.8049       19686.56
   389.8278       20453.09
   389.8506       20945.98
   389.8734       20727.32
   389.8962       19309.61
   389.9190       19950.45
   389.9418       20760.40
   389.9646       19405.37
   389.9874       20296.68
   390.0103       19539.14
   390.0331       19261.24
   390.0559       19219.85
   390.0787       19192.23
   390.1015       19870.38
   390.1243       19463.96
   390.1471       19988.92
   390.1699       19722.67
   390.1927       19870.43
   390.2155       20020.87
   390.2383       20209.93
   390.2612       20353.76
   390.2840       20197.51
   390.3068       20051.38
   390.3296       20083.62
   390.3524       20113.96
   390.3752       21155.65
   390.3980       20404.66
   390.4208       20556.83
   390.4437       19660.85
   390.4665       19900.93
   390.4893       19875.46
   390.5121       20065.61
   390.5349       20398.59
   390.5577       20775.29
   390.5805       20721.01
   390.6033       20595.68
   390.6262       20008.57
   390.6490       20364.57
   390.6718       19955.57
   390.6946       19797.41
   390.7174       19928.67
   390.7402       20122.64
   390.7630       20842.52
   390.7858       20373.17
   390.8086       21267.36
   390.8315       21212.45
   390.8542       20198.72
   390.8771       20378.90
   390.8999       20106.21
   390.9227       20151.56
   390.9455       19425.03
   390.9683       19318.09
   390.9911       19354.89
   391.0139       19973.44
   391.0367       19358.67
   391.0596       19221.75
   391.0824       20513.43
   391.1052       21160.28
   391.1280       19826.19
   391.1508       19691.07
   391.1736       19562.91
   391.1964       19327.98
   391.2192       19452.23
   391.2421       19200.18
   391.2649       18450.08
   391.2877       17791.15
   391.3105       18587.86
   391.3333       18248.56
   391.3561       17267.88
   391.3789       17044.50
   391.4017       17506.60
   391.4245       18196.95
   391.4474       18696.02
   391.4702       19284.90
   391.4930       18082.37
   391.5158       18309.55
   391.5386       18788.12
   391.5614       18392.46
   391.5842       18826.32
   391.6070       19266.60
   391.6299       19396.28
   391.6526       19396.16
   391.6755       19065.54
   391.6983       19275.88
   391.7211       17993.82
   391.7439       17199.70
   391.7667       16955.89
   391.7895       17866.60
   391.8123       18557.49
   391.8351       19260.48
   391.8580       18857.07
   391.8808       18965.16
   391.9036       18125.43
   391.9264       19164.84
   391.9492       19121.30
   391.9720       19475.50
   391.9948       19241.35
   392.0176       18286.66
   392.0404       18249.00
   392.0633       17823.99
   392.0861       17435.99
   392.1089       17034.66
   392.1317       17790.43
   392.1545       16942.20
   392.1773       16994.90
   392.2001       16660.46
   392.2229       16562.91
   392.2458       17192.12
   392.2686       17242.92
   392.2914       17699.93
   392.3142       17415.37
   392.3370       16680.75
   392.3598       17600.12
   392.3826       18065.59
   392.4054       18026.83
   392.4283       17226.99
   392.4510       17057.34
   392.4739       17353.31
   392.4967       16863.64
   392.5195       16606.36
   392.5423       16698.16
   392.5651       16687.25
   392.5879       17126.32
   392.6107       17063.86
   392.6335       17379.30
   392.6563       17825.85
   392.6792       17033.61
   392.7020       17135.28
   392.7248       17273.05
   392.7476       17146.71
   392.7704       16938.56
   392.7932       17164.32
   392.8160       16543.27
   392.8388       16206.75
   392.8617       16345.51
   392.8845       17491.44
   392.9073       17461.57
   392.9301       16949.07
   392.9529       16605.74
   392.9757       16087.08
   392.9985       15932.65
   393.0213       15967.57
   393.0442       15625.06
   393.0670       16679.06
   393.0898       17359.58
   393.1126       17483.58
   393.1354       17696.98
   393.1582       17388.87
   393.1810       16936.57
   393.2038       16819.76
   393.2266       16536.21
   393.2495       16546.33
   393.2722       17044.09
   393.2951       16899.32
   393.3179       17164.69
   393.3407       16950.83
   393.3635       17345.04
   393.3863       17493.80
   393.4091       17995.98
   393.4319       18022.62
