$SPEC_ID:
PuBe neutron source, 3 blocks of wax w/ Cd foil and Po210
$SPEC_REM:
DET# 2
DETDESC# LISe Broadface + CR110 @ 200V @ 400x @ 0.5us
AP# GammaVision Version 6.09
$DATE_MEA:
04/11/2017 18:05:18
$MEAS_TIM:
120 122
$DATA:
0 255
       0
       0
       0
       0
    1984
   15683
   14501
   13173
   12557
   11761
   11156
   10377
   10054
    9784
    9445
    9114
    9120
    8635
    8590
    8485
    8593
    8425
    8661
    8812
    8964
    9185
    9059
    9334
    9041
    8275
    7497
    6429
    5473
    4491
    3806
    3165
    2767
    2481
    2188
    1998
    1852
    1818
    1646
    1655
    1602
    1548
    1476
    1486
    1506
    1400
    1395
    1432
    1395
    1324
    1334
    1360
    1297
    1236
    1289
    1250
    1193
    1278
    1299
    1208
    1269
    1207
    1139
    1191
    1172
    1160
    1117
    1155
    1132
    1130
    1176
    1115
    1153
    1139
    1123
    1119
    1178
    1154
    1154
    1169
    1186
    1208
    1150
    1257
    1215
    1277
    1243
    1275
    1262
    1218
    1286
    1185
    1239
    1231
    1132
    1075
    1076
     942
     951
     893
     832
     706
     691
     678
     573
     555
     491
     505
     438
     452
     404
     399
     343
     323
     344
     312
     321
     283
     329
     267
     264
     256
     216
     263
     185
     205
     213
     184
     206
     195
     185
     184
     179
     198
     176
     189
     187
     151
     157
     167
     157
     149
     144
     165
     154
     144
     121
     133
     137
     148
     134
     121
     134
     140
     135
     143
     127
     139
     130
     114
     122
     144
     115
     112
     115
     131
     101
     114
     109
     118
     111
     119
     114
     108
     111
     120
      97
     122
      98
     102
     101
     102
      82
     103
      92
      95
     100
     102
     107
      85
      97
      79
      95
     100
      95
      85
      84
      87
      99
      93
      83
      74
      80
      71
      72
      68
      80
      75
      84
      70
      54
      67
      77
      66
      73
      80
      64
      67
      80
      80
      69
      71
      59
      65
      57
      68
      64
      57
      60
      54
      55
      53
      55
      67
      48
      48
      52
      58
      35
       2
       0
       0
       0
       0
       0
       0
       0
       0
       0
       0
       0
       0
$ROI:
0
$PRESETS:
Live Time
120
0
$ENER_FIT:
0.000000 0.000000
$MCA_CAL:
3
0.000000E+000 0.000000E+000 0.000000E+000 
$SHAPE_CAL:
3
0.000000E+000 0.000000E+000 0.000000E+000
