$SPEC_ID:
PuBe neutron source, 3 blocks of wax w/ Cd foil and Po210
$SPEC_REM:
DET# 2
DETDESC# LISe Broadface + CR110 @ 200V @ 400x @ 0.5us
AP# GammaVision Version 6.09
$DATE_MEA:
04/11/2017 18:02:29
$MEAS_TIM:
120 120
$DATA:
0 255
       0
       0
       0
       0
     797
    6817
    5623
    5013
    4418
    3781
    3414
    3125
    2908
    2595
    2542
    2458
    2377
    2048
    1995
    1864
    1777
    1626
    1609
    1469
    1453
    1395
    1313
    1270
    1191
    1152
    1021
    1004
    1014
     931
     953
     846
     769
     793
     791
     777
     687
     752
     725
     654
     678
     698
     615
     596
     583
     594
     559
     546
     521
     534
     530
     527
     538
     501
     495
     501
     447
     454
     448
     443
     461
     458
     410
     369
     425
     398
     404
     390
     351
     394
     383
     337
     356
     355
     311
     371
     331
     322
     352
     330
     299
     299
     306
     277
     283
     266
     296
     279
     273
     287
     268
     256
     248
     260
     272
     246
     241
     230
     251
     228
     262
     232
     220
     227
     230
     195
     215
     202
     221
     196
     203
     208
     210
     190
     197
     187
     173
     213
     193
     188
     185
     166
     167
     170
     144
     170
     158
     142
     167
     183
     154
     157
     133
     161
     151
     153
     146
     156
     155
     137
     141
     139
     150
     130
     140
     137
     139
     137
     128
     113
     123
     121
     147
     136
     132
     139
     117
     103
     137
     132
     122
     123
     137
     107
     117
     113
     104
     118
     104
     116
     112
     109
      98
     101
     117
     117
     125
     106
      91
      98
      92
     111
      95
     110
      93
      90
     105
      91
      87
      87
      82
     106
      96
      79
      95
      81
      99
      73
      87
      94
      76
      78
      89
      86
      89
      68
      76
      77
      78
      67
      74
      71
      87
      75
      77
      78
      64
      68
      67
      58
      59
      73
      60
      57
      49
      78
      63
      57
      55
      63
      55
      59
      60
      63
      69
      45
      57
      55
      32
       1
       0
       0
       0
       0
       1
       0
       0
       0
       0
       0
       0
       0
$ROI:
0
$PRESETS:
Live Time
120
0
$ENER_FIT:
0.000000 0.000000
$MCA_CAL:
3
0.000000E+000 0.000000E+000 0.000000E+000 
$SHAPE_CAL:
3
0.000000E+000 0.000000E+000 0.000000E+000
