     nps    x          y          z          cell       surf     u          v          w        energy     weight      time
      1  0.000E+00  0.000E+00  0.000E+00        1          0  6.623E-01  5.963E-01  4.537E-01  5.261E-01  2.162E+05  0.000E+00
      2  0.000E+00  0.000E+00  0.000E+00        1          0 -2.775E-01 -1.028E-01  9.552E-01  1.430E-01  2.162E+05  0.000E+00
      3  0.000E+00  0.000E+00  0.000E+00        1          0  9.829E-01 -1.782E-01 -4.618E-02  5.181E-01  2.162E+05  0.000E+00
      4  0.000E+00  0.000E+00  0.000E+00        1          0  8.733E-01 -4.854E-01 -4.059E-02  4.002E-01  2.162E+05  0.000E+00
      6  0.000E+00  0.000E+00  0.000E+00        1          0  3.717E-02  9.362E-01  3.495E-01  4.257E-01  2.162E+05  0.000E+00
      5  0.000E+00  0.000E+00  0.000E+00        1          0  9.525E-01  3.004E-01  5.072E-02  2.648E-01  2.162E+05  0.000E+00
      7  0.000E+00  0.000E+00  0.000E+00        1          0 -5.843E-01  1.064E-01  8.045E-01  4.508E-01  2.162E+05  0.000E+00
      8  0.000E+00  0.000E+00  0.000E+00        1          0 -2.929E-01 -7.646E-01 -5.741E-01  4.951E-01  2.162E+05  0.000E+00
      9  0.000E+00  0.000E+00  0.000E+00        1          0 -8.988E-01 -3.815E-01 -2.158E-01  5.424E-01  2.162E+05  0.000E+00
     10  0.000E+00  0.000E+00  0.000E+00        1          0  2.364E-01  9.027E-01 -3.595E-01  3.966E-01  2.162E+05  0.000E+00
     11  0.000E+00  0.000E+00  0.000E+00        1          0  8.034E-02 -1.414E-01  9.867E-01  3.655E-01  2.162E+05  0.000E+00
     12  0.000E+00  0.000E+00  0.000E+00        1          0  5.009E-02  2.532E-01  9.661E-01  4.045E-01  2.162E+05  0.000E+00
     13  0.000E+00  0.000E+00  0.000E+00        1          0  3.371E-01  3.653E-01  8.677E-01  3.229E-01  2.162E+05  0.000E+00
     14  0.000E+00  0.000E+00  0.000E+00        1          0 -4.454E-01 -8.846E-01 -1.383E-01  3.812E-01  2.162E+05  0.000E+00
     15  0.000E+00  0.000E+00  0.000E+00        1          0  9.219E-01  2.286E-01 -3.127E-01  5.910E-01  2.162E+05  0.000E+00
     16  0.000E+00  0.000E+00  0.000E+00        1          0  8.049E-01  4.610E-01  3.735E-01  5.999E-01  2.162E+05  0.000E+00
     17  0.000E+00  0.000E+00  0.000E+00        1          0 -6.908E-01  3.057E-01 -6.553E-01  1.933E-01  2.162E+05  0.000E+00
     18  0.000E+00  0.000E+00  0.000E+00        1          0 -6.484E-01 -5.314E-01  5.451E-01  4.972E-01  2.162E+05  0.000E+00
     19  0.000E+00  0.000E+00  0.000E+00        1          0 -6.190E-01  1.220E-02 -7.853E-01  4.336E-01  2.162E+05  0.000E+00
     20  0.000E+00  0.000E+00  0.000E+00        1          0  2.616E-01 -7.762E-01 -5.737E-01  5.566E-01  2.162E+05  0.000E+00
     21  0.000E+00  0.000E+00  0.000E+00        1          0 -7.200E-01  4.026E-02  6.928E-01  5.495E-01  2.162E+05  0.000E+00
     22  0.000E+00  0.000E+00  0.000E+00        1          0  7.738E-01 -6.503E-02  6.300E-01  4.107E-01  2.162E+05  0.000E+00
     23  0.000E+00  0.000E+00  0.000E+00        1          0 -7.133E-01 -3.748E-01 -5.922E-01  5.287E-01  2.162E+05  0.000E+00
     24  0.000E+00  0.000E+00  0.000E+00        1          0  1.082E-01 -9.337E-01  3.414E-01  4.911E-01  2.162E+05  0.000E+00
     25  0.000E+00  0.000E+00  0.000E+00        1          0  6.613E-01  7.501E-01 -3.794E-03  5.212E-01  2.162E+05  0.000E+00
     26  0.000E+00  0.000E+00  0.000E+00        1          0  6.371E-01 -3.895E-01  6.651E-01  3.629E-01  2.162E+05  0.000E+00
     27  0.000E+00  0.000E+00  0.000E+00        1          0 -6.040E-01  5.699E-01  5.572E-01  5.300E-01  2.162E+05  0.000E+00
     28  0.000E+00  0.000E+00  0.000E+00        1          0 -2.783E-01  3.311E-01  9.016E-01  2.730E-01  2.162E+05  0.000E+00
     29  0.000E+00  0.000E+00  0.000E+00        1          0 -5.922E-01 -1.965E-01 -7.815E-01  3.572E-01  2.162E+05  0.000E+00
     30  0.000E+00  0.000E+00  0.000E+00        1          0 -3.873E-01 -7.536E-01  5.312E-01  1.363E-01  2.162E+05  0.000E+00
     31  0.000E+00  0.000E+00  0.000E+00        1          0 -8.332E-01 -5.507E-01  5.019E-02  4.976E-01  2.162E+05  0.000E+00
     32  0.000E+00  0.000E+00  0.000E+00        1          0  6.854E-01 -4.960E-01 -5.332E-01  3.980E-01  2.162E+05  0.000E+00
     33  0.000E+00  0.000E+00  0.000E+00        1          0 -4.367E-02  3.722E-01 -9.271E-01  4.071E-01  2.162E+05  0.000E+00
     34  0.000E+00  0.000E+00  0.000E+00        1          0 -6.491E-01 -5.681E-01  5.059E-01  5.699E-01  2.162E+05  0.000E+00
     35  0.000E+00  0.000E+00  0.000E+00        1          0 -4.553E-01 -1.520E-01  8.773E-01  5.464E-01  2.162E+05  0.000E+00
     36  0.000E+00  0.000E+00  0.000E+00        1          0 -9.485E-01 -2.832E-01 -1.422E-01  2.413E-01  2.162E+05  0.000E+00
     37  0.000E+00  0.000E+00  0.000E+00        1          0  7.752E-01  5.806E-01 -2.488E-01  1.083E-01  2.162E+05  0.000E+00
     38  0.000E+00  0.000E+00  0.000E+00        1          0  5.470E-01 -5.612E-01 -6.212E-01  4.730E-01  2.162E+05  0.000E+00
     39  0.000E+00  0.000E+00  0.000E+00        1          0  5.422E-01  5.828E-01 -6.053E-01  3.725E-01  2.162E+05  0.000E+00
     40  0.000E+00  0.000E+00  0.000E+00        1          0  7.429E-01  3.872E-01 -5.460E-01  3.166E-01  2.162E+05  0.000E+00
     41  0.000E+00  0.000E+00  0.000E+00        1          0 -2.362E-01 -5.362E-01 -8.104E-01  3.456E-01  2.162E+05  0.000E+00
     42  0.000E+00  0.000E+00  0.000E+00        1          0  2.095E-01 -9.603E-01 -1.843E-01  2.558E-01  2.162E+05  0.000E+00
     43  0.000E+00  0.000E+00  0.000E+00        1          0 -9.737E-02  9.601E-01 -2.623E-01  5.475E-01  2.162E+05  0.000E+00
     44  0.000E+00  0.000E+00  0.000E+00        1          0  5.820E-02 -1.877E-01  9.805E-01  5.413E-01  2.162E+05  0.000E+00
     45  0.000E+00  0.000E+00  0.000E+00        1          0 -3.606E-01 -3.001E-01 -8.831E-01  4.061E-01  2.162E+05  0.000E+00
     46  0.000E+00  0.000E+00  0.000E+00        1          0  1.408E-02 -3.962E-01 -9.181E-01  2.830E-01  2.162E+05  0.000E+00
     47  0.000E+00  0.000E+00  0.000E+00        1          0 -2.159E-01  7.973E-01  5.636E-01  5.686E-01  2.162E+05  0.000E+00
     48  0.000E+00  0.000E+00  0.000E+00        1          0 -7.836E-01  1.631E-02  6.211E-01  5.788E-01  2.162E+05  0.000E+00
     49  0.000E+00  0.000E+00  0.000E+00        1          0  8.167E-01 -4.579E-01 -3.511E-01  5.215E-01  2.162E+05  0.000E+00
     50  0.000E+00  0.000E+00  0.000E+00        1          0 -2.343E-01  1.752E-01  9.562E-01  2.931E-01  2.162E+05  0.000E+00