0.003003980581435606
0.0029869819944177826
0.002970055040992717
0.002953199114944111
0.0029364136075837044
0.002919697907572707
0.002903051400737276
0.002886473469877824
0.0028699634945718996
0.0028535208509704465
0.002837144911587123
0.0028208350450804774
0.0028045906160286743
0.002788410984696507
0.0027722955067943904
0.00275624353322904
0.002740254409845524
0.002724327477160352
0.002708462070085269
0.0026926575176414095
0.0026769131426634214
0.0026612282614932206
0.0026456021836629455
0.0026300342115667297
0.002614523640120857
0.002599069756411867
0.0025836718393321524
0.002568329159202576
0.0025530409773816217
0.0025378065458605665
0.002522625106844147
0.002507495892316175
0.0024924181235895346
0.0024773910108399667
0.002462413752623036
0.0024474855353736487
0.0024326055328874447
0.002417772905783404
0.0024029868009469513
0.0023882463509528095
0.002373550673466867
0.0023588988706262286
0.0023442900283966797
0.0023297232159066577
0.0023151974847568832
0.0023007118683047206
0.002286265380922315
0.0022718570172275175
0.002257485751286578
0.00224315053578754
0.002228850301183222
0.002214583954802667
0.002200350379929837
0.00218614843484835
0.002171976951850962
0.0021578347362124664
0.002143720565124639
0.0021296331865918055
0.0021155713182855235
0.002101533646356864
0.002087518824204684
0.0020735254711982355
0.0020595521713523816
0.00204559747195365
0.0020316598821352623
0.0020177378713992127
0.0020038298680834146
0.001989934257771833
0.0019760493816454636
0.0019621735347719257
0.001948304964331357
0.0019344418677762132
0.001920582390922478
0.0019067246259697086
0.0018928666094472218
0.0018790063200836511
0.0018651416765969818
0.0018512705354020744
0.0018373906882325499
0.0018234998596738424
0.00180959570460404
0.00179567580553906
0.0017817376698785472
0.0017677787270487589
0.0017537963255385477
0.0017397877298244264
0.0017257501171805253
0.0017116805743691123
0.0016975760942071704
0.0016834335720043686
0.0016692498018675774
0.001655021472866896
0.0016407451650579889
0.001626417345355296
0.001612034363250515
0.0015975924463705199
0.0015830876958686608
0.0015685160816431775
0.001553873437376204
0.0015391554553866019
