0.0015035846815632747
0.0014935519066561324
0.0014835544657656081
0.0014735918626142064
0.0014636635983480183
0.0014537691713546815
0.001443908077072073
0.0014340798077871015
0.0014242838524238998
0.0014145196963206942
0.0014047868209945543
0.001395084703893173
0.0013854128181327707
0.0013757706322211432
0.001366157609764803
0.001356573209159088
0.0013470168832600197
0.0013374880790366205
0.0013279862372022832
0.0013185107918236934
0.001309061169905694
0.0012996367909503545
0.0012902370664883865
0.0012808613995808965
0.0012715091842893382
0.0012621798051113322
0.0012528726363798908
0.0012435870416233575
0.0012343223728832045
0.0012250779699865936
0.0012158531597703855
0.0012066472552530309
0.0011974595547505113
0.0011882893409322017
0.001179135879812228
0.0011699984196715503
0.0011608761899056471
0.0011517683997922957
0.0011426742371735104
0.0011335928670452879
0.001124523430048283
0.0011154650408520647
0.0011064167864250215
0.0010973777241813877
0.001088346879996234
0.0010793232460785587
0.001070305778691875
0.0010612933957108934
0.0010522849740020332
0.0010432793466145678
0.0010342752997682114
0.0010252715696218895
0.0010162668388072633
0.0010072597327093601
9.98248815475296E-4
9.892325857306717E-4
9.802094719816423E-4
9.711778276790242E-4
9.621359259189962E-4
9.530819537530261E-4
9.440140060775921E-4
9.349300790720184E-4
9.258280631503661E-4
9.167057353907201E-4
9.075607514024487E-4
8.983906365890102E-4
8.891927767606814E-4
8.799644080481029E-4
8.707026060638316E-4
8.614042742550752E-4
8.520661313864742E-4
8.426846980871615E-4
8.332562823913447E-4
8.237769641962796E-4
8.142425785557349E-4
8.0464869772083E-4
7.94990611833444E-4
7.852633081701979E-4
7.754614488272711E-4
7.655793467279895E-4
7.556109398261543E-4
7.455497633684447E-4
7.353889200688547E-4
7.251210480369525E-4
7.147382862897564E-4
7.042322376640862E-4
6.93593928932352E-4
6.828137679097807E-4
6.718814973249865E-4
6.607861452084692E-4
6.495159715349939E-4
6.380584108357505E-4
6.264000104746288E-4
6.145263642597177E-4
6.024220410361765E-4
5.900705078797441E-4
5.77454047481243E-4
5.64553669281325E-4
5.513490138812235E-4
5.378182502192746E-4