$SPEC_ID:
PuBe neutron source, 3 blocks of wax w/ Cd foil and Po210
$SPEC_REM:
DET# 2
DETDESC# LISe Broadface + CR110 @ 200V @ 400x @ 0.5us
AP# GammaVision Version 6.09
$DATE_MEA:
04/11/2017 19:18:03
$MEAS_TIM:
120 127
$DATA:
0 1023
       0
       0
       0
       0
       0
       0
    2381
  164497
   83190
   43191
   28370
   22948
   21739
   22768
   24646
   27307
   29519
   31087
   31845
   31373
   29564
   26695
   23258
   20292
   16829
   14046
   11618
    9839
    8264
    7239
    6417
    5688
    5112
    4803
    4534
    4321
    4082
    3969
    3912
    3750
    3584
    3565
    3497
    3414
    3289
    3136
    3185
    3064
    3028
    2830
    2831
    2792
    2775
    2639
    2692
    2597
    2569
    2540
    2503
    2579
    2447
    2483
    2512
    2295
    2302
    2223
    2285
    2194
    2199
    2201
    2018
    2148
    2084
    2000
    1996
    1968
    1960
    1994
    1903
    1915
    1880
    1816
    1912
    1739
    1862
    1753
    1753
    1746
    1753
    1775
    1824
    1731
    1694
    1698
    1659
    1662
    1634
    1581
    1586
    1585
    1560
    1544
    1546
    1559
    1492
    1520
    1484
    1516
    1557
    1505
    1492
    1551
    1468
    1475
    1465
    1437
    1505
    1469
    1540
    1505
    1487
    1511
    1441
    1427
    1532
    1485
    1466
    1470
    1477
    1474
    1455
    1448
    1432
    1451
    1470
    1490
    1406
    1396
    1365
    1355
    1330
    1411
    1377
    1309
    1237
    1303
    1274
    1240
    1201
    1158
    1118
    1082
    1044
    1037
    1053
     980
     936
     943
     945
     850
     841
     824
     788
     801
     760
     712
     728
     703
     695
     642
     686
     691
     674
     666
     589
     604
     608
     601
     607
     607
     554
     556
     546
     567
     531
     559
     526
     584
     518
     548
     520
     538
     505
     503
     533
     455
     467
     487
     494
     500
     472
     488
     462
     496
     446
     473
     468
     474
     490
     447
     503
     448
     478
     448
     435
     469
     446
     438
     446
     413
     479
     444
     449
     472
     420
     443
     439
     416
     439
     408
     416
     420
     445
     457
     380
     412
     397
     401
     428
     406
     422
     403
     384
     421
     382
     425
     413
     377
     385
     354
     373
     396
     358
     397
     386
     408
     396
     378
     386
     374
     364
     405
     370
     442
     375
     358
     343
     371
     373
     366
     372
     358
     349
     370
     360
     357
     361
     376
     336
     341
     348
     369
     374
     322
     349
     352
     314
     356
     334
     344
     359
     365
     332
     344
     366
     327
     354
     315
     317
     367
     343
     330
     360
     350
     372
     354
     305
     363
     327
     326
     321
     329
     315
     322
     348
     343
     329
     337
     305
     329
     331
     311
     363
     316
     322
     341
     286
     327
     312
     331
     315
     282
     297
     323
     289
     310
     316
     345
     293
     296
     331
     277
     297
     317
     304
     309
     335
     302
     330
     344
     279
     304
     294
     312
     293
     290
     308
     309
     282
     316
     284
     297
     311
     289
     304
     321
     301
     327
     312
     285
     274
     304
     296
     314
     289
     305
     273
     286
     310
     306
     261
     288
     314
     262
     269
     300
     274
     283
     302
     304
     305
     298
     311
     286
     284
     307
     286
     309
     264
     305
     276
     273
     298
     301
     277
     298
     253
     311
     297
     298
     290
     269
     286
     263
     281
     263
     291
     286
     271
     296
     283
     293
     267
     274
     256
     323
     304
     314
     276
     256
     305
     277
     286
     279
     273
     291
     260
     278
     245
     305
     312
     299
     275
     267
     297
     282
     295
     262
     272
     297
     259
     264
     266
     241
     305
     257
     272
     311
     287
     263
     297
     278
     264
     265
     264
     253
     265
     272
     242
     274
     252
     282
     230
     263
     256
     251
     220
     238
     240
     255
     238
     236
     230
     231
     238
     220
     228
     217
     230
     223
     219
     220
     241
     211
     200
     222
     213
     240
     220
     223
     245
     201
     206
     190
     196
     191
     203
     188
     200
     197
     209
     204
     186
     184
     228
     172
     206
     187
     170
     191
     207
     190
     196
     161
     186
     197
     178
     195
     206
     184
     202
     195
     177
     175
     180
     174
     164
     184
     186
     170
     185
     189
     151
     161
     188
     170
     175
     160
     172
     174
     178
     171
     182
     178
     152
     151
     163
     174
     177
     159
     159
     171
     173
     154
     168
     167
     145
     159
     171
     149
     179
     191
     152
     141
     158
     141
     165
     157
     172
     145
     144
     180
     165
     167
     167
     164
     158
     155
     155
     152
     162
     169
     145
     143
     169
     170
     145
     148
     159
     129
     157
     167
     152
     138
     147
     150
     139
     157
     143
     146
     185
     141
     166
     150
     155
     137
     144
     138
     159
     135
     153
     146
     148
     169
     138
     153
     156
     131
     145
     152
     137
     159
     145
     143
     139
     148
     151
     133
     124
     149
     142
     143
     143
     130
     143
     137
     159
     161
     129
     158
     123
     151
     137
     116
     140
     150
     138
     138
     161
     155
     129
     166
     159
     139
     149
     127
     139
     161
     142
     126
     161
     126
     148
     130
     144
     127
     129
     155
     124
     119
     139
     132
     135
     141
     139
     127
     130
     136
     124
     137
     164
     124
     139
     150
     119
     135
     118
     140
     122
     136
     124
     113
     136
     127
     123
     138
     133
     112
     140
     147
     130
     126
     138
     132
     138
     123
     124
     129
     128
     120
     125
     122
     144
     120
     121
     140
     145
     142
     132
     114
     113
     133
     105
     132
     125
     122
     150
     126
     132
     133
     132
     144
     115
     130
     159
     115
     127
     147
     146
     139
     144
     115
     117
     132
     128
     137
     122
     128
     136
     112
     122
     136
     119
     148
     113
     121
     121
     112
     128
     121
     141
     133
     125
     127
     130
     129
     131
     126
     137
     136
     111
     122
     117
     138
     146
     115
     155
     118
     133
     132
     122
     130
     127
     128
     118
     137
     120
     114
     128
     139
     131
     117
     133
     141
     139
     118
     141
     115
     123
     128
     121
     110
     112
     123
     147
     124
     138
     157
     113
     129
     123
     131
     143
     140
     121
     122
     118
     146
     120
     111
     134
     131
     126
     122
     135
     144
     132
     110
     119
     123
     121
     121
     132
     116
     117
      95
     113
     118
     123
     115
     114
     129
     119
     113
      94
     112
     100
      99
     128
     113
     111
     104
     117
      90
     112
     116
     106
      98
      93
     107
     100
      87
     109
      83
      91
     105
      96
      88
      86
      84
     101
      98
      87
      97
      70
      92
      90
      76
      84
      85
      83
      75
      69
      64
      78
      83
      80
      62
      80
      63
      62
      64
      69
      60
      60
      54
      89
      68
      71
      67
      66
      68
      55
      57
      60
      60
      55
      62
      64
      58
      51
      64
      43
      68
      50
      59
      67
      52
      37
      47
      40
      55
      60
      51
      50
      61
      39
      59
      55
      52
      47
      59
      53
      39
      56
      39
      48
      42
      44
      46
      59
      58
      41
      29
      38
      49
      33
      33
      52
      41
      43
      50
      45
      53
      37
      41
      39
      36
      21
       0
       0
       1
       0
       1
       0
       0
       0
       0
       0
       0
       0
       0
       0
       0
       0
       0
       0
       0
       0
       0
       0
       0
       0
       0
       0
       0
       0
       0
       0
       0
       0
       0
       0
       0
       0
       0
       0
       0
       0
       0
       0
       0
       0
       0
       0
       0
       0
       0
       0
       0
       0
       0
       0
       0
$ROI:
0
$PRESETS:
Live Time
120
0
$ENER_FIT:
0.000000 0.000000
$MCA_CAL:
3
0.000000E+000 0.000000E+000 0.000000E+000 
$SHAPE_CAL:
3
0.000000E+000 0.000000E+000 0.000000E+000
