$SPEC_ID:
PuBe neutron source, 3 blocks of wax w/ Cd foil and Po210
$SPEC_REM:
DET# 2
DETDESC# LISe Broadface + CR110 @ 200V @ 400x @ 0.5us
AP# GammaVision Version 6.09
$DATE_MEA:
04/11/2017 19:05:48
$MEAS_TIM:
120 127
$DATA:
0 1023
       0
       0
       0
       0
       0
       0
    2386
  167379
   84559
   43018
   27449
   21812
   20282
   21226
   22669
   25321
   27640
   29726
   30504
   29791
   28177
   25618
   22577
   19069
   16135
   13400
   11127
    8799
    7572
    6260
    5629
    4837
    4386
    3940
    3783
    3555
    3342
    3144
    3020
    2993
    2970
    2749
    2781
    2648
    2619
    2566
    2445
    2334
    2358
    2342
    2165
    2254
    2142
    2096
    2048
    1989
    1985
    1914
    1899
    1963
    1835
    1769
    1791
    1695
    1801
    1658
    1688
    1643
    1612
    1575
    1574
    1533
    1553
    1537
    1481
    1504
    1363
    1427
    1400
    1352
    1312
    1394
    1318
    1339
    1216
    1258
    1279
    1230
    1258
    1172
    1173
    1163
    1175
    1174
    1110
    1094
    1059
    1038
    1078
    1046
    1037
    1072
    1100
    1056
     957
     960
     997
     983
     962
     975
     990
     970
     911
     934
     962
     933
     939
     885
     916
     825
     875
     927
     874
     870
     849
     885
     876
     809
     824
     874
     848
     829
     837
     824
     788
     809
     826
     811
     844
     734
     812
     781
     747
     777
     740
     738
     731
     735
     707
     673
     668
     679
     681
     671
     656
     634
     673
     642
     597
     616
     550
     596
     590
     535
     590
     567
     537
     544
     526
     527
     530
     510
     509
     498
     500
     481
     478
     453
     447
     470
     513
     461
     477
     454
     439
     456
     440
     441
     437
     452
     399
     462
     432
     415
     408
     429
     424
     443
     407
     394
     416
     449
     415
     434
     410
     401
     409
     373
     372
     399
     382
     353
     418
     380
     358
     396
     335
     394
     394
     360
     374
     368
     391
     364
     360
     353
     368
     369
     359
     346
     368
     360
     324
     336
     375
     343
     338
     321
     371
     295
     345
     354
     373
     330
     325
     315
     303
     334
     332
     302
     312
     333
     325
     316
     297
     316
     350
     329
     311
     301
     339
     302
     315
     337
     303
     300
     308
     323
     291
     288
     299
     287
     300
     298
     319
     288
     282
     281
     283
     291
     258
     262
     288
     314
     300
     257
     287
     280
     283
     267
     262
     276
     270
     226
     279
     256
     269
     274
     298
     267
     282
     257
     247
     270
     286
     269
     276
     274
     252
     279
     254
     261
     269
     261
     277
     277
     252
     270
     273
     257
     297
     237
     277
     264
     245
     268
     263
     244
     250
     237
     282
     249
     274
     234
     229
     224
     265
     237
     243
     265
     287
     229
     250
     236
     213
     253
     250
     219
     217
     214
     252
     230
     232
     233
     238
     230
     228
     207
     244
     188
     210
     236
     226
     202
     199
     227
     234
     231
     199
     263
     231
     222
     258
     211
     278
     227
     208
     197
     229
     217
     211
     220
     224
     217
     212
     219
     208
     214
     207
     213
     219
     219
     212
     221
     223
     255
     222
     209
     230
     214
     223
     218
     210
     206
     195
     223
     213
     226
     201
     203
     209
     202
     217
     184
     224
     190
     196
     221
     213
     212
     208
     236
     226
     207
     191
     203
     229
     201
     215
     205
     198
     206
     238
     231
     206
     182
     207
     199
     223
     205
     218
     219
     204
     183
     213
     189
     177
     196
     163
     199
     199
     218
     189
     216
     181
     201
     178
     167
     193
     200
     169
     148
     159
     188
     180
     189
     192
     171
     206
     169
     189
     188
     202
     172
     179
     195
     182
     184
     180
     176
     185
     187
     176
     184
     189
     186
     171
     201
     185
     166
     168
     173
     184
     192
     177
     182
     167
     167
     168
     157
     159
     200
     189
     159
     182
     190
     163
     170
     190
     159
     168
     188
     191
     160
     165
     167
     162
     178
     187
     167
     168
     169
     155
     163
     191
     167
     160
     169
     173
     138
     170
     179
     144
     185
     164
     152
     203
     166
     177
     162
     193
     177
     187
     178
     170
     152
     165
     182
     181
     171
     153
     152
     147
     138
     176
     152
     160
     156
     162
     143
     150
     196
     158
     153
     138
     154
     163
     152
     144
     151
     142
     153
     173
     163
     178
     163
     168
     152
     159
     161
     153
     157
     153
     174
     153
     146
     147
     144
     139
     150
     120
     162
     145
     152
     144
     165
     144
     146
     136
     150
     153
     167
     142
     155
     129
     152
     147
     152
     141
     133
     144
     137
     142
     161
     151
     145
     146
     146
     133
     143
     140
     154
     131
     130
     112
     133
     154
     160
     153
     144
     128
     145
     153
     149
     140
     137
     151
     125
     139
     139
     143
     128
     146
     160
     154
     153
     158
     138
     157
     138
     127
     136
     129
     118
     141
     126
     129
     128
     149
     144
     128
     128
     130
     121
     122
     134
     126
     147
     136
     128
     159
     128
     127
     133
     123
     134
     134
     141
     125
     123
     147
     112
     136
     128
     130
     159
     147
     152
     148
     149
     139
     137
     124
     134
     110
     136
     115
     137
     136
     133
     120
     132
     147
     107
     146
     119
     139
     128
     124
     132
     124
     137
     121
     118
     138
     137
     116
     128
     132
     124
     116
     126
     149
     126
     130
     103
     157
     119
     115
     130
      99
     140
     131
     120
     146
     123
     139
     115
     115
     116
     117
     113
     117
     131
     121
     112
     151
     124
      98
     134
     121
     127
     116
     138
     127
     126
     133
     131
     127
     114
      98
     126
     137
     115
     132
     123
     112
     130
     110
     113
     133
     122
     107
     124
     131
     140
     130
     120
     109
     131
     118
     100
     129
     140
     125
     139
     120
     120
     122
     113
     113
     146
     101
     104
     128
     121
     124
     126
     144
     106
     138
     142
     108
     126
     122
     126
     119
     111
     138
     125
     127
     117
     115
     123
     117
     112
     134
     111
     124
     100
      98
     112
     145
     129
     119
     132
     135
     137
     131
     127
     124
     118
     111
     143
     122
     100
     112
     113
     109
     109
     121
     116
     129
     128
     112
     114
     135
     129
     141
     125
     104
      95
     123
     140
     117
     134
     118
     143
     100
     125
     145
     131
     133
     121
     122
     112
     122
     118
     114
     117
     122
     112
     105
     109
      97
      95
      93
     116
     100
     114
     123
     111
     106
     104
      90
     141
     111
     104
      99
      86
      95
     112
      98
      98
     107
     105
      88
     108
      75
     101
      81
     100
      84
      96
     103
      84
      87
      87
      82
      76
      82
      96
      79
      76
      80
      80
      68
      67
      69
      78
      83
      78
      68
      75
      71
      62
      70
      68
      70
      63
      53
      69
      60
      50
      61
      69
      75
      60
      62
      56
      63
      77
      69
      62
      53
      49
      49
      55
      47
      56
      53
      59
      47
      48
      48
      66
      52
      60
      51
      50
      38
      54
      56
      61
      38
      56
      53
      41
      40
       0
       0
       1
       0
       0
       0
       0
       0
       0
       0
       0
       0
       0
       0
       0
       0
       0
       1
       0
       0
       0
       0
       0
       0
       0
       0
       0
       0
       0
       0
       0
       0
       0
       0
       0
       0
       0
       0
       0
       0
       0
       0
       0
       0
       0
       0
       0
       0
       0
       0
       0
       0
       0
       0
       0
$ROI:
0
$PRESETS:
Live Time
120
0
$ENER_FIT:
0.000000 0.000000
$MCA_CAL:
3
0.000000E+000 0.000000E+000 0.000000E+000 
$SHAPE_CAL:
3
0.000000E+000 0.000000E+000 0.000000E+000
