cell  80                                                                                                                              
      energy   
    0.0000E+00   0.00000E+00 0.0000
    2.5000E-08   1.17711E-17 0.3091
    1.0071E-01   9.57482E-09 0.0128
    2.0143E-01   1.75251E-08 0.0134
    3.0214E-01   2.22504E-08 0.0138
    4.0286E-01   2.81608E-08 0.0137
    5.0357E-01   3.23077E-08 0.0139
    6.0429E-01   3.32122E-08 0.0140
    7.0500E-01   3.68492E-08 0.0140
    8.0571E-01   3.87225E-08 0.0142
    9.0643E-01   4.09008E-08 0.0143
    1.0071E+00   4.30535E-08 0.0148
    1.1079E+00   4.32197E-08 0.0152
    1.2086E+00   4.34378E-08 0.0152
    1.3093E+00   4.49964E-08 0.0153
    1.4100E+00   4.24672E-08 0.0159
    1.5107E+00   4.19694E-08 0.0162
    1.6114E+00   4.19477E-08 0.0165
    1.7121E+00   4.11103E-08 0.0170
    1.8129E+00   4.11533E-08 0.0172
    1.9136E+00   4.01788E-08 0.0178
    2.0143E+00   3.85826E-08 0.0182
    2.1150E+00   3.85461E-08 0.0185
    2.2157E+00   3.79121E-08 0.0187
    2.3164E+00   3.55053E-08 0.0193
    2.4171E+00   3.36410E-08 0.0199
    2.5179E+00   3.40290E-08 0.0203
    2.6186E+00   3.31323E-08 0.0208
    2.7193E+00   3.07637E-08 0.0216
    2.8200E+00   2.99000E-08 0.0223
    2.9207E+00   2.87850E-08 0.0227
    3.0214E+00   2.75231E-08 0.0235
    3.1221E+00   2.69647E-08 0.0240
    3.2229E+00   2.62010E-08 0.0248
    3.3236E+00   2.57777E-08 0.0256
    3.4243E+00   2.45050E-08 0.0265
    3.5250E+00   2.34566E-08 0.0270
    3.6257E+00   2.18946E-08 0.0282
    3.7264E+00   2.02024E-08 0.0294
    3.8271E+00   2.07452E-08 0.0292
    3.9279E+00   1.70825E-08 0.0318
    4.0286E+00   1.76015E-08 0.0313
    4.1293E+00   1.68520E-08 0.0321
    4.2300E+00   1.66900E-08 0.0330
    4.3307E+00   1.60039E-08 0.0340
    4.4314E+00   1.47297E-08 0.0353
    4.5321E+00   1.41098E-08 0.0360
    4.6329E+00   1.29873E-08 0.0379
    4.7336E+00   1.28615E-08 0.0378
    4.8343E+00   1.03268E-08 0.0416
    4.9350E+00   1.11522E-08 0.0411
    5.0357E+00   1.07497E-08 0.0421
    5.1364E+00   1.05405E-08 0.0442
    5.2371E+00   9.57588E-09 0.0450
    5.3379E+00   9.44618E-09 0.0452
    5.4386E+00   8.30459E-09 0.0478
    5.5393E+00   7.55234E-09 0.0505
    5.6400E+00   7.77424E-09 0.0503
    5.7407E+00   7.31973E-09 0.0528
    5.8414E+00   6.32346E-09 0.0561
    5.9421E+00   5.92269E-09 0.0587
    6.0429E+00   5.66867E-09 0.0591
    6.1436E+00   5.27376E-09 0.0620
    6.2443E+00   4.38888E-09 0.0672
    6.3450E+00   4.49596E-09 0.0681
    6.4457E+00   4.69201E-09 0.0666
    6.5464E+00   4.39007E-09 0.0683
    6.6471E+00   4.24970E-09 0.0710
    6.7479E+00   4.22152E-09 0.0703
    6.8486E+00   3.58137E-09 0.0785
    6.9493E+00   4.14461E-09 0.0726
    7.0500E+00   3.57356E-09 0.0769
    7.1507E+00   3.69983E-09 0.0772
    7.2514E+00   3.05532E-09 0.0888
    7.3521E+00   2.61919E-09 0.0909
    7.4529E+00   2.48763E-09 0.0921
    7.5536E+00   2.22123E-09 0.0983
    7.6543E+00   2.15852E-09 0.0993
    7.7550E+00   2.21296E-09 0.0988
    7.8557E+00   1.98859E-09 0.1050
    7.9564E+00   1.67455E-09 0.1129
    8.0571E+00   1.76398E-09 0.1120
    8.1579E+00   1.62526E-09 0.1191
    8.2586E+00   1.61283E-09 0.1194
    8.3593E+00   1.40843E-09 0.1277
    8.4600E+00   1.41654E-09 0.1285
    8.5607E+00   1.11695E-09 0.1404
    8.6614E+00   1.38511E-09 0.1270
    8.7621E+00   1.25803E-09 0.1355
    8.8629E+00   9.30122E-10 0.1554
    8.9636E+00   1.12724E-09 0.1450
    9.0643E+00   9.34954E-10 0.1574
    9.1650E+00   1.13753E-09 0.1416
    9.2657E+00   7.51241E-10 0.1744
    9.3664E+00   8.81600E-10 0.1634
    9.4671E+00   6.95378E-10 0.1887
    9.5679E+00   8.67799E-10 0.1721
    9.6686E+00   6.46755E-10 0.1915
    9.7693E+00   6.23782E-10 0.2016
    9.8700E+00   5.61670E-10 0.2047
    9.9707E+00   6.08881E-10 0.2019
    1.0071E+01   4.11345E-10 0.2361
    1.0172E+01   4.57733E-10 0.2305
    1.0273E+01   3.74175E-10 0.2614
    1.0374E+01   3.87682E-10 0.2705
    1.0474E+01   4.05204E-10 0.2625
    1.0575E+01   3.05503E-10 0.2830
    1.0676E+01   6.18474E-10 0.2115
    1.0776E+01   1.43899E-10 0.3944
    1.0877E+01   2.93062E-10 0.2989
    1.0978E+01   3.25575E-10 0.2882
    1.1079E+01   2.18707E-10 0.3468
    1.1179E+01   2.03898E-10 0.3621
    1.1280E+01   2.24082E-10 0.3377
    1.1381E+01   1.65324E-10 0.3866
    1.1481E+01   1.83976E-10 0.3902
    1.1582E+01   2.26264E-10 0.3477
    1.1683E+01   1.03653E-10 0.4883
    1.1784E+01   6.42822E-11 0.5059
    1.1884E+01   1.66134E-10 0.3941
    1.1985E+01   8.86296E-11 0.5481
    1.2086E+01   1.56724E-10 0.4062
    1.2186E+01   1.16368E-10 0.4680
    1.2287E+01   8.83811E-11 0.5137
    1.2388E+01   1.03343E-10 0.4742
    1.2489E+01   2.45838E-11 1.0000
    1.2589E+01   1.12297E-10 0.4800
    1.2690E+01   2.31648E-11 1.0000
    1.2791E+01   6.18172E-11 0.6463
    1.2891E+01   7.38753E-11 0.5772
    1.2992E+01   1.03495E-10 0.4202
    1.3093E+01   1.82574E-11 1.0000
    1.3194E+01   1.16775E-10 0.5074
    1.3294E+01   5.43016E-11 0.6071
    1.3395E+01   4.55533E-11 0.8225
    1.3496E+01   1.00793E-10 0.4586
    1.3596E+01   8.79911E-11 0.5130
    1.3697E+01   5.67053E-11 0.7152
    1.3798E+01   0.00000E+00 0.0000
    1.3899E+01   2.94411E-11 1.0000
    1.3999E+01   3.06252E-11 1.0000
    1.4100E+01   9.59126E-11 0.5851
      total      1.58403E-06 0.0030
 
 cell  81                                                                                                                              
      energy   
    0.0000E+00   0.00000E+00 0.0000
    2.5000E-08   8.22505E-18 0.3315
    1.0071E-01   4.84988E-09 0.0175
    2.0143E-01   5.95206E-09 0.0229
    3.0214E-01   6.14251E-09 0.0266
    4.0286E-01   6.31858E-09 0.0285
    5.0357E-01   6.95398E-09 0.0297
    6.0429E-01   6.54232E-09 0.0312
    7.0500E-01   7.07689E-09 0.0317
    8.0571E-01   6.84320E-09 0.0331
    9.0643E-01   7.21386E-09 0.0334
    1.0071E+00   7.50443E-09 0.0353
    1.1079E+00   7.50568E-09 0.0355
    1.2086E+00   7.61858E-09 0.0358
    1.3093E+00   7.77318E-09 0.0363
    1.4100E+00   7.89448E-09 0.0364
    1.5107E+00   7.63179E-09 0.0380
    1.6114E+00   7.52158E-09 0.0385
    1.7121E+00   7.40174E-09 0.0392
    1.8129E+00   7.72233E-09 0.0391
    1.9136E+00   7.49798E-09 0.0408
    2.0143E+00   7.40236E-09 0.0410
    2.1150E+00   7.18476E-09 0.0420
    2.2157E+00   7.35544E-09 0.0419
    2.3164E+00   7.67867E-09 0.0416
    2.4171E+00   7.07871E-09 0.0429
    2.5179E+00   7.22501E-09 0.0435
    2.6186E+00   6.63764E-09 0.0457
    2.7193E+00   6.35095E-09 0.0469
    2.8200E+00   5.88921E-09 0.0494
    2.9207E+00   4.99866E-09 0.0539
    3.0214E+00   5.71106E-09 0.0514
    3.1221E+00   6.31604E-09 0.0489
    3.2229E+00   5.92703E-09 0.0512
    3.3236E+00   5.40218E-09 0.0547
    3.4243E+00   5.32851E-09 0.0557
    3.5250E+00   5.02717E-09 0.0579
    3.6257E+00   5.28273E-09 0.0564
    3.7264E+00   4.90022E-09 0.0591
    3.8271E+00   4.68408E-09 0.0608
    3.9279E+00   5.28142E-09 0.0567
    4.0286E+00   5.72149E-09 0.0546
    4.1293E+00   5.71849E-09 0.0547
    4.2300E+00   5.54790E-09 0.0566
    4.3307E+00   4.51878E-09 0.0626
    4.4314E+00   4.83103E-09 0.0602
    4.5321E+00   5.47011E-09 0.0572
    4.6329E+00   5.05792E-09 0.0595
    4.7336E+00   5.57600E-09 0.0571
    4.8343E+00   5.58737E-09 0.0565
    4.9350E+00   5.37465E-09 0.0597
    5.0357E+00   4.81878E-09 0.0626
    5.1364E+00   5.42510E-09 0.0600
    5.2371E+00   5.15675E-09 0.0613
    5.3379E+00   4.32784E-09 0.0655
    5.4386E+00   3.64896E-09 0.0727
    5.5393E+00   3.65931E-09 0.0708
    5.6400E+00   4.22026E-09 0.0679
    5.7407E+00   3.80588E-09 0.0718
    5.8414E+00   3.98287E-09 0.0700
    5.9421E+00   3.55897E-09 0.0756
    6.0429E+00   3.27711E-09 0.0770
    6.1436E+00   3.83881E-09 0.0718
    6.2443E+00   2.80464E-09 0.0837
    6.3450E+00   1.76214E-09 0.1059
    6.4457E+00   2.72733E-09 0.0874
    6.5464E+00   2.80868E-09 0.0837
    6.6471E+00   3.09165E-09 0.0820
    6.7479E+00   3.14580E-09 0.0814
    6.8486E+00   2.85832E-09 0.0839
    6.9493E+00   2.68534E-09 0.0883
    7.0500E+00   2.89472E-09 0.0846
    7.1507E+00   2.74320E-09 0.0881
    7.2514E+00   2.60047E-09 0.0904
    7.3521E+00   1.85631E-09 0.1090
    7.4529E+00   1.42368E-09 0.1186
    7.5536E+00   1.48630E-09 0.1183
    7.6543E+00   1.41164E-09 0.1182
    7.7550E+00   1.39782E-09 0.1184
    7.8557E+00   1.00281E-09 0.1405
    7.9564E+00   9.97601E-10 0.1394
    8.0571E+00   1.01635E-09 0.1453
    8.1579E+00   1.05410E-09 0.1396
    8.2586E+00   9.61854E-10 0.1485
    8.3593E+00   1.33258E-09 0.1272
    8.4600E+00   1.39780E-09 0.1267
    8.5607E+00   1.11711E-09 0.1365
    8.6614E+00   9.74359E-10 0.1460
    8.7621E+00   9.15666E-10 0.1531
    8.8629E+00   8.73553E-10 0.1568
    8.9636E+00   1.02037E-09 0.1450
    9.0643E+00   7.49054E-10 0.1649
    9.1650E+00   5.71958E-10 0.1873
    9.2657E+00   5.69988E-10 0.1907
    9.3664E+00   4.98589E-10 0.2120
    9.4671E+00   6.55006E-10 0.1814
    9.5679E+00   6.77153E-10 0.1910
    9.6686E+00   6.38375E-10 0.1868
    9.7693E+00   7.26265E-10 0.1768
    9.8700E+00   4.49519E-10 0.2128
    9.9707E+00   6.22044E-10 0.1966
    1.0071E+01   5.17780E-10 0.2050
    1.0172E+01   5.73242E-10 0.2080
    1.0273E+01   8.56060E-10 0.1775
    1.0374E+01   2.56670E-10 0.2905
    1.0474E+01   5.20717E-10 0.2207
    1.0575E+01   6.05840E-10 0.2050
    1.0676E+01   4.36705E-10 0.2376
    1.0776E+01   1.59556E-10 0.3849
    1.0877E+01   1.87044E-10 0.3696
    1.0978E+01   2.75916E-10 0.2742
    1.1079E+01   1.96560E-10 0.3641
    1.1179E+01   1.02087E-10 0.4323
    1.1280E+01   1.92186E-10 0.3722
    1.1381E+01   2.33260E-10 0.3218
    1.1481E+01   2.64129E-10 0.3082
    1.1582E+01   7.59601E-11 0.5054
    1.1683E+01   3.56962E-10 0.2639
    1.1784E+01   1.48075E-10 0.3925
    1.1884E+01   1.19766E-10 0.5052
    1.1985E+01   1.45135E-10 0.3934
    1.2086E+01   1.64472E-10 0.3966
    1.2186E+01   1.83338E-10 0.3849
    1.2287E+01   2.06245E-10 0.3640
    1.2388E+01   1.51951E-10 0.3978
    1.2489E+01   7.89794E-11 0.5040
    1.2589E+01   6.02263E-11 0.5891
    1.2690E+01   1.64866E-10 0.4045
    1.2791E+01   6.24203E-11 0.6360
    1.2891E+01   4.39717E-11 0.7039
    1.2992E+01   8.39810E-11 0.5819
    1.3093E+01   4.49130E-11 0.7351
    1.3194E+01   4.43318E-11 0.6472
    1.3294E+01   2.27287E-11 1.0000
    1.3395E+01   1.72529E-11 0.9778
    1.3496E+01   5.28867E-11 0.6476
    1.3596E+01   2.82954E-11 1.0000
    1.3697E+01   6.81099E-11 0.6757
    1.3798E+01   6.84584E-11 0.7072
    1.3899E+01   4.16070E-11 0.7430
    1.3999E+01   8.27526E-11 0.5994
    1.4100E+01   0.00000E+00 0.0000
      total      4.23167E-07 0.0061
 
 cell  82                                                                                                                              
      energy   
    0.0000E+00   0.00000E+00 0.0000
    2.5000E-08   9.57044E-18 0.3051
    1.0071E-01   5.24935E-09 0.0170
    2.0143E-01   5.98790E-09 0.0228
    3.0214E-01   6.49031E-09 0.0254
    4.0286E-01   6.91985E-09 0.0274
    5.0357E-01   7.38210E-09 0.0288
    6.0429E-01   7.08083E-09 0.0302
    7.0500E-01   7.38982E-09 0.0311
    8.0571E-01   7.93724E-09 0.0311
    9.0643E-01   8.23656E-09 0.0315
    1.0071E+00   8.96468E-09 0.0322
    1.1079E+00   7.90373E-09 0.0349
    1.2086E+00   7.85471E-09 0.0353
    1.3093E+00   8.39722E-09 0.0351
    1.4100E+00   7.89326E-09 0.0364
    1.5107E+00   8.12844E-09 0.0366
    1.6114E+00   7.70509E-09 0.0376
    1.7121E+00   8.27027E-09 0.0373
    1.8129E+00   8.14709E-09 0.0383
    1.9136E+00   7.83968E-09 0.0396
    2.0143E+00   7.35662E-09 0.0412
    2.1150E+00   7.29626E-09 0.0418
    2.2157E+00   7.70834E-09 0.0413
    2.3164E+00   7.16290E-09 0.0428
    2.4171E+00   7.33802E-09 0.0423
    2.5179E+00   7.10678E-09 0.0434
    2.6186E+00   7.08901E-09 0.0437
    2.7193E+00   7.18262E-09 0.0448
    2.8200E+00   6.63677E-09 0.0465
    2.9207E+00   5.80386E-09 0.0506
    3.0214E+00   5.84055E-09 0.0508
    3.1221E+00   7.58310E-09 0.0444
    3.2229E+00   6.70749E-09 0.0487
    3.3236E+00   5.74302E-09 0.0533
    3.4243E+00   5.38629E-09 0.0554
    3.5250E+00   5.50824E-09 0.0554
    3.6257E+00   5.36880E-09 0.0561
    3.7264E+00   5.26457E-09 0.0567
    3.8271E+00   5.17066E-09 0.0576
    3.9279E+00   5.21165E-09 0.0574
    4.0286E+00   5.63577E-09 0.0542
    4.1293E+00   5.58174E-09 0.0546
    4.2300E+00   6.04589E-09 0.0539
    4.3307E+00   4.88862E-09 0.0599
    4.4314E+00   4.79985E-09 0.0601
    4.5321E+00   5.51966E-09 0.0568
    4.6329E+00   5.98257E-09 0.0548
    4.7336E+00   5.78537E-09 0.0555
    4.8343E+00   5.09206E-09 0.0590
    4.9350E+00   5.88864E-09 0.0561
    5.0357E+00   5.23525E-09 0.0601
    5.1364E+00   5.62877E-09 0.0595
    5.2371E+00   4.94155E-09 0.0613
    5.3379E+00   4.36846E-09 0.0650
    5.4386E+00   3.77536E-09 0.0692
    5.5393E+00   4.46781E-09 0.0641
    5.6400E+00   3.93085E-09 0.0698
    5.7407E+00   3.78043E-09 0.0705
    5.8414E+00   4.12038E-09 0.0691
    5.9421E+00   3.62940E-09 0.0749
    6.0429E+00   3.20424E-09 0.0797
    6.1436E+00   3.39127E-09 0.0773
    6.2443E+00   2.72758E-09 0.0844
    6.3450E+00   1.97823E-09 0.0980
    6.4457E+00   3.24241E-09 0.0814
    6.5464E+00   2.95387E-09 0.0823
    6.6471E+00   3.24893E-09 0.0808
    6.7479E+00   2.95372E-09 0.0842
    6.8486E+00   3.19545E-09 0.0826
    6.9493E+00   3.12904E-09 0.0808
    7.0500E+00   2.97350E-09 0.0847
    7.1507E+00   2.90310E-09 0.0851
    7.2514E+00   2.32401E-09 0.0983
    7.3521E+00   2.36001E-09 0.0958
    7.4529E+00   1.46560E-09 0.1191
    7.5536E+00   1.63593E-09 0.1107
    7.6543E+00   1.09516E-09 0.1334
    7.7550E+00   1.11440E-09 0.1336
    7.8557E+00   1.09050E-09 0.1406
    7.9564E+00   1.01811E-09 0.1420
    8.0571E+00   1.33304E-09 0.1218
    8.1579E+00   9.21853E-10 0.1528
    8.2586E+00   1.38293E-09 0.1255
    8.3593E+00   1.22835E-09 0.1318
    8.4600E+00   1.08081E-09 0.1376
    8.5607E+00   9.38778E-10 0.1495
    8.6614E+00   1.48365E-09 0.1200
    8.7621E+00   1.05877E-09 0.1445
    8.8629E+00   8.91811E-10 0.1556
    8.9636E+00   1.04216E-09 0.1487
    9.0643E+00   8.75239E-10 0.1565
    9.1650E+00   9.90544E-10 0.1519
    9.2657E+00   7.35070E-10 0.1745
    9.3664E+00   6.26697E-10 0.1815
    9.4671E+00   7.97851E-10 0.1692
    9.5679E+00   6.73591E-10 0.1752
    9.6686E+00   4.78983E-10 0.2162
    9.7693E+00   4.57858E-10 0.2233
    9.8700E+00   4.45343E-10 0.2379
    9.9707E+00   4.68695E-10 0.2259
    1.0071E+01   5.42694E-10 0.2068
    1.0172E+01   4.93969E-10 0.2197
    1.0273E+01   5.13147E-10 0.2055
    1.0374E+01   4.81986E-10 0.2238
    1.0474E+01   4.80803E-10 0.2122
    1.0575E+01   5.26092E-10 0.2198
    1.0676E+01   4.23260E-10 0.2379
    1.0776E+01   3.80615E-10 0.2445
    1.0877E+01   3.98663E-10 0.2460
    1.0978E+01   3.39898E-10 0.2644
    1.1079E+01   1.06871E-10 0.3982
    1.1179E+01   1.60278E-10 0.3751
    1.1280E+01   1.58937E-10 0.3875
    1.1381E+01   1.84374E-10 0.3745
    1.1481E+01   2.12004E-10 0.3502
    1.1582E+01   2.00974E-10 0.3516
    1.1683E+01   2.28678E-10 0.3644
    1.1784E+01   1.68080E-10 0.4097
    1.1884E+01   2.35312E-10 0.3423
    1.1985E+01   2.62594E-10 0.3252
    1.2086E+01   1.37349E-10 0.4106
    1.2186E+01   2.77066E-10 0.3153
    1.2287E+01   1.26860E-10 0.4442
    1.2388E+01   2.15114E-10 0.3574
    1.2489E+01   8.60088E-11 0.5792
    1.2589E+01   1.62987E-10 0.4045
    1.2690E+01   4.73318E-11 0.7262
    1.2791E+01   1.98293E-10 0.3533
    1.2891E+01   1.29666E-10 0.4243
    1.2992E+01   1.29074E-10 0.4588
    1.3093E+01   1.41400E-10 0.4278
    1.3194E+01   5.09152E-11 0.5130
    1.3294E+01   7.15175E-11 0.6201
    1.3395E+01   2.12877E-11 0.7083
    1.3496E+01   3.67353E-11 1.0000
    1.3596E+01   1.26920E-10 0.4426
    1.3697E+01   7.47705E-11 0.5780
    1.3798E+01   5.33528E-11 0.7072
    1.3899E+01   1.31308E-11 0.7303
    1.3999E+01   2.70787E-11 1.0000
    1.4100E+01   9.09387E-12 1.0000
      total      4.45894E-07 0.0059
 
 cell  83                                                                                                                              
      energy   
    0.0000E+00   0.00000E+00 0.0000
    2.5000E-08   8.78463E-18 0.3204
    1.0071E-01   5.07414E-09 0.0171
    2.0143E-01   6.11920E-09 0.0225
    3.0214E-01   6.35450E-09 0.0257
    4.0286E-01   7.27637E-09 0.0267
    5.0357E-01   7.26170E-09 0.0290
    6.0429E-01   7.42481E-09 0.0297
    7.0500E-01   7.34090E-09 0.0309
    8.0571E-01   7.89155E-09 0.0311
    9.0643E-01   8.31306E-09 0.0316
    1.0071E+00   8.37803E-09 0.0334
    1.1079E+00   8.30344E-09 0.0341
    1.2086E+00   7.92986E-09 0.0350
    1.3093E+00   8.06830E-09 0.0356
    1.4100E+00   8.30434E-09 0.0354
    1.5107E+00   7.50877E-09 0.0377
    1.6114E+00   8.15912E-09 0.0374
    1.7121E+00   8.63749E-09 0.0369
    1.8129E+00   7.91887E-09 0.0384
    1.9136E+00   7.47978E-09 0.0400
    2.0143E+00   7.31985E-09 0.0414
    2.1150E+00   7.09056E-09 0.0425
    2.2157E+00   7.38543E-09 0.0422
    2.3164E+00   7.64572E-09 0.0411
    2.4171E+00   6.84480E-09 0.0437
    2.5179E+00   7.14438E-09 0.0437
    2.6186E+00   7.05854E-09 0.0444
    2.7193E+00   6.58401E-09 0.0467
    2.8200E+00   6.32946E-09 0.0478
    2.9207E+00   6.00856E-09 0.0494
    3.0214E+00   6.10045E-09 0.0492
    3.1221E+00   7.16900E-09 0.0456
    3.2229E+00   6.47771E-09 0.0493
    3.3236E+00   5.78503E-09 0.0530
    3.4243E+00   5.67200E-09 0.0543
    3.5250E+00   5.39088E-09 0.0560
    3.6257E+00   5.27179E-09 0.0566
    3.7264E+00   5.13352E-09 0.0571
    3.8271E+00   5.43917E-09 0.0563
    3.9279E+00   5.74684E-09 0.0543
    4.0286E+00   6.02794E-09 0.0533
    4.1293E+00   5.87145E-09 0.0539
    4.2300E+00   6.76451E-09 0.0510
    4.3307E+00   4.92086E-09 0.0602
    4.4314E+00   5.58952E-09 0.0560
    4.5321E+00   5.17794E-09 0.0582
    4.6329E+00   5.05440E-09 0.0595
    4.7336E+00   5.33155E-09 0.0585
    4.8343E+00   5.59587E-09 0.0570
    4.9350E+00   5.21761E-09 0.0598
    5.0357E+00   5.04536E-09 0.0618
    5.1364E+00   5.17178E-09 0.0621
    5.2371E+00   5.26021E-09 0.0609
    5.3379E+00   4.99720E-09 0.0615
    5.4386E+00   3.94653E-09 0.0684
    5.5393E+00   4.56185E-09 0.0637
    5.6400E+00   4.32826E-09 0.0663
    5.7407E+00   4.15929E-09 0.0683
    5.8414E+00   4.17069E-09 0.0686
    5.9421E+00   4.26414E-09 0.0689
    6.0429E+00   3.69711E-09 0.0726
    6.1436E+00   3.05602E-09 0.0801
    6.2443E+00   3.33218E-09 0.0777
    6.3450E+00   2.25494E-09 0.0937
    6.4457E+00   3.24105E-09 0.0810
    6.5464E+00   3.30678E-09 0.0784
    6.6471E+00   3.56022E-09 0.0771
    6.7479E+00   3.06725E-09 0.0823
    6.8486E+00   2.96995E-09 0.0845
    6.9493E+00   2.64654E-09 0.0876
    7.0500E+00   3.18516E-09 0.0811
    7.1507E+00   2.96186E-09 0.0848
    7.2514E+00   2.84092E-09 0.0894
    7.3521E+00   2.03549E-09 0.1012
    7.4529E+00   1.36935E-09 0.1197
    7.5536E+00   1.31802E-09 0.1256
    7.6543E+00   1.55142E-09 0.1128
    7.7550E+00   1.22798E-09 0.1287
    7.8557E+00   9.12430E-10 0.1526
    7.9564E+00   1.10651E-09 0.1339
    8.0571E+00   9.11932E-10 0.1466
    8.1579E+00   7.53096E-10 0.1623
    8.2586E+00   1.38073E-09 0.1244
    8.3593E+00   1.52808E-09 0.1194
    8.4600E+00   8.44404E-10 0.1607
    8.5607E+00   1.58407E-09 0.1189
    8.6614E+00   1.07982E-09 0.1407
    8.7621E+00   1.11659E-09 0.1435
    8.8629E+00   9.34336E-10 0.1497
    8.9636E+00   1.10374E-09 0.1379
    9.0643E+00   6.93329E-10 0.1737
    9.1650E+00   8.22988E-10 0.1672
    9.2657E+00   5.01419E-10 0.2060
    9.3664E+00   6.99841E-10 0.1748
    9.4671E+00   5.04789E-10 0.2084
    9.5679E+00   6.90596E-10 0.1849
    9.6686E+00   8.67816E-10 0.1647
    9.7693E+00   5.56109E-10 0.2056
    9.8700E+00   7.19980E-10 0.1785
    9.9707E+00   5.34868E-10 0.2033
    1.0071E+01   5.75531E-10 0.1921
    1.0172E+01   5.25695E-10 0.2104
    1.0273E+01   4.74685E-10 0.2184
    1.0374E+01   4.99565E-10 0.2224
    1.0474E+01   5.43677E-10 0.2048
    1.0575E+01   4.52069E-10 0.2326
    1.0676E+01   4.34018E-10 0.2268
    1.0776E+01   3.22296E-10 0.2629
    1.0877E+01   3.18755E-10 0.3043
    1.0978E+01   2.31876E-10 0.3238
    1.1079E+01   1.76000E-10 0.3786
    1.1179E+01   1.86423E-10 0.3454
    1.1280E+01   3.54083E-10 0.2695
    1.1381E+01   2.39031E-10 0.3315
    1.1481E+01   1.47929E-10 0.3817
    1.1582E+01   2.05182E-10 0.3441
    1.1683E+01   2.18724E-10 0.3440
    1.1784E+01   8.61710E-11 0.4816
    1.1884E+01   2.23935E-10 0.3323
    1.1985E+01   2.43612E-10 0.3600
    1.2086E+01   5.42571E-11 0.7160
    1.2186E+01   7.70444E-11 0.6010
    1.2287E+01   8.14915E-11 0.5261
    1.2388E+01   2.06481E-11 0.7074
    1.2489E+01   2.08234E-10 0.3423
    1.2589E+01   4.21530E-12 1.0000
    1.2690E+01   1.70474E-10 0.3801
    1.2791E+01   7.83110E-11 0.5904
    1.2891E+01   2.28234E-10 0.3628
    1.2992E+01   2.73011E-11 1.0000
    1.3093E+01   2.50908E-11 1.0000
    1.3194E+01   3.21935E-11 1.0000
    1.3294E+01   3.95922E-11 0.7071
    1.3395E+01   1.27781E-10 0.4340
    1.3496E+01   2.75996E-11 1.0000
    1.3596E+01   1.59611E-10 0.4532
    1.3697E+01   1.24055E-10 0.4641
    1.3798E+01   9.51207E-11 0.5456
    1.3899E+01   4.53690E-11 0.8113
    1.3999E+01   0.00000E+00 0.0000
    1.4100E+01   2.83367E-11 1.0000
      total      4.48383E-07 0.0059
 
 cell  84                                                                                                                              
      energy   
    0.0000E+00   0.00000E+00 0.0000
    2.5000E-08   1.04733E-17 0.3241
    1.0071E-01   6.10986E-09 0.0157
    2.0143E-01   6.74538E-09 0.0213
    3.0214E-01   7.32812E-09 0.0239
    4.0286E-01   8.27956E-09 0.0250
    5.0357E-01   8.26265E-09 0.0272
    6.0429E-01   8.33261E-09 0.0278
    7.0500E-01   8.60080E-09 0.0288
    8.0571E-01   8.96453E-09 0.0292
    9.0643E-01   9.34258E-09 0.0297
    1.0071E+00   9.27545E-09 0.0315
    1.1079E+00   9.55749E-09 0.0319
    1.2086E+00   9.53248E-09 0.0322
    1.3093E+00   1.00100E-08 0.0324
    1.4100E+00   9.80440E-09 0.0328
    1.5107E+00   9.15858E-09 0.0343
    1.6114E+00   9.14142E-09 0.0349
    1.7121E+00   8.36237E-09 0.0371
    1.8129E+00   8.27541E-09 0.0376
    1.9136E+00   9.12681E-09 0.0369
    2.0143E+00   8.48041E-09 0.0380
    2.1150E+00   8.43279E-09 0.0392
    2.2157E+00   8.47652E-09 0.0388
    2.3164E+00   8.47267E-09 0.0393
    2.4171E+00   7.78747E-09 0.0410
    2.5179E+00   8.38463E-09 0.0398
    2.6186E+00   8.16360E-09 0.0411
    2.7193E+00   7.27049E-09 0.0444
    2.8200E+00   7.81851E-09 0.0430
    2.9207E+00   6.02586E-09 0.0497
    3.0214E+00   6.31087E-09 0.0481
    3.1221E+00   7.47185E-09 0.0454
    3.2229E+00   7.03634E-09 0.0476
    3.3236E+00   6.73254E-09 0.0494
    3.4243E+00   6.40124E-09 0.0507
    3.5250E+00   5.95798E-09 0.0531
    3.6257E+00   5.90369E-09 0.0534
    3.7264E+00   5.85578E-09 0.0541
    3.8271E+00   6.14909E-09 0.0533
    3.9279E+00   6.08730E-09 0.0527
    4.0286E+00   6.72009E-09 0.0500
    4.1293E+00   7.08999E-09 0.0487
    4.2300E+00   6.97393E-09 0.0508
    4.3307E+00   5.50447E-09 0.0564
    4.4314E+00   5.67292E-09 0.0558
    4.5321E+00   6.15674E-09 0.0542
    4.6329E+00   6.57264E-09 0.0523
    4.7336E+00   5.96264E-09 0.0557
    4.8343E+00   6.89390E-09 0.0513
    4.9350E+00   6.20751E-09 0.0543
    5.0357E+00   5.70569E-09 0.0571
    5.1364E+00   6.16962E-09 0.0576
    5.2371E+00   5.32559E-09 0.0596
    5.3379E+00   5.28570E-09 0.0583
    5.4386E+00   4.34424E-09 0.0643
    5.5393E+00   4.33377E-09 0.0655
    5.6400E+00   4.50232E-09 0.0651
    5.7407E+00   4.37970E-09 0.0663
    5.8414E+00   4.09989E-09 0.0689
    5.9421E+00   3.88606E-09 0.0718
    6.0429E+00   3.96269E-09 0.0703
    6.1436E+00   3.51160E-09 0.0761
    6.2443E+00   3.69553E-09 0.0728
    6.3450E+00   2.02080E-09 0.0987
    6.4457E+00   2.91309E-09 0.0849
    6.5464E+00   3.11641E-09 0.0800
    6.6471E+00   3.39040E-09 0.0782
    6.7479E+00   3.42619E-09 0.0777
    6.8486E+00   3.33281E-09 0.0798
    6.9493E+00   3.35210E-09 0.0793
    7.0500E+00   3.69007E-09 0.0751
    7.1507E+00   3.05326E-09 0.0822
    7.2514E+00   3.06328E-09 0.0851
    7.3521E+00   2.08888E-09 0.0998
    7.4529E+00   1.42740E-09 0.1204
    7.5536E+00   1.54597E-09 0.1139
    7.6543E+00   1.60793E-09 0.1142
    7.7550E+00   1.36943E-09 0.1232
    7.8557E+00   1.35386E-09 0.1221
    7.9564E+00   9.03927E-10 0.1462
    8.0571E+00   1.05475E-09 0.1375
    8.1579E+00   1.25933E-09 0.1271
    8.2586E+00   1.34793E-09 0.1262
    8.3593E+00   1.44148E-09 0.1224
    8.4600E+00   1.50607E-09 0.1194
    8.5607E+00   1.38431E-09 0.1218
    8.6614E+00   1.00872E-09 0.1470
    8.7621E+00   1.21624E-09 0.1362
    8.8629E+00   1.19489E-09 0.1402
    8.9636E+00   1.05334E-09 0.1400
    9.0643E+00   8.84137E-10 0.1586
    9.1650E+00   4.97025E-10 0.1922
    9.2657E+00   6.27793E-10 0.1794
    9.3664E+00   5.84887E-10 0.1904
    9.4671E+00   5.54688E-10 0.1935
    9.5679E+00   6.26023E-10 0.1944
    9.6686E+00   6.31880E-10 0.1913
    9.7693E+00   5.95449E-10 0.1966
    9.8700E+00   4.92960E-10 0.2166
    9.9707E+00   5.77104E-10 0.2040
    1.0071E+01   5.73295E-10 0.1978
    1.0172E+01   3.94120E-10 0.2442
    1.0273E+01   4.45501E-10 0.2401
    1.0374E+01   4.15708E-10 0.2506
    1.0474E+01   4.10787E-10 0.2450
    1.0575E+01   4.43673E-10 0.2305
    1.0676E+01   3.31406E-10 0.2660
    1.0776E+01   3.87170E-10 0.2507
    1.0877E+01   4.38923E-10 0.2366
    1.0978E+01   3.00706E-10 0.2849
    1.1079E+01   2.39434E-10 0.2842
    1.1179E+01   2.33634E-10 0.3202
    1.1280E+01   4.22217E-10 0.2471
    1.1381E+01   2.10521E-10 0.3300
    1.1481E+01   1.52977E-10 0.3870
    1.1582E+01   3.72323E-10 0.2690
    1.1683E+01   2.49406E-10 0.3400
    1.1784E+01   1.38688E-10 0.3951
    1.1884E+01   1.72553E-10 0.3585
    1.1985E+01   1.52579E-10 0.4185
    1.2086E+01   1.71875E-10 0.3590
    1.2186E+01   6.15934E-11 0.5870
    1.2287E+01   9.93803E-11 0.4772
    1.2388E+01   1.01042E-10 0.5078
    1.2489E+01   1.88671E-10 0.3615
    1.2589E+01   1.79245E-10 0.3843
    1.2690E+01   2.48363E-11 0.8190
    1.2791E+01   1.81662E-10 0.3758
    1.2891E+01   1.43311E-10 0.3963
    1.2992E+01   6.82464E-11 0.6039
    1.3093E+01   3.20357E-11 0.8480
    1.3194E+01   9.55722E-11 0.5203
    1.3294E+01   1.43781E-10 0.4550
    1.3395E+01   7.41458E-11 0.5800
    1.3496E+01   4.36698E-11 0.7159
    1.3596E+01   6.28076E-11 0.5783
    1.3697E+01   1.09209E-10 0.4524
    1.3798E+01   2.51669E-11 0.7092
    1.3899E+01   2.19087E-11 1.0000
    1.3999E+01   4.20054E-11 0.7628
    1.4100E+01   9.10131E-11 0.5844
      total      4.99029E-07 0.0055
 
 cell  85                                                                                                                              
      energy   
    0.0000E+00   0.00000E+00 0.0000
    2.5000E-08   3.21102E-17 0.1603
    1.0071E-01   1.69256E-08 0.0093
    2.0143E-01   1.97312E-08 0.0126
    3.0214E-01   2.09891E-08 0.0143
    4.0286E-01   2.25345E-08 0.0153
    5.0357E-01   2.29272E-08 0.0165
    6.0429E-01   2.18310E-08 0.0173
    7.0500E-01   2.27448E-08 0.0177
    8.0571E-01   2.39161E-08 0.0180
    9.0643E-01   2.40591E-08 0.0184
    1.0071E+00   2.45308E-08 0.0196
    1.1079E+00   2.35243E-08 0.0204
    1.2086E+00   2.39831E-08 0.0204
    1.3093E+00   2.22404E-08 0.0215
    1.4100E+00   2.27344E-08 0.0216
    1.5107E+00   2.10310E-08 0.0226
    1.6114E+00   2.14920E-08 0.0228
    1.7121E+00   2.14313E-08 0.0233
    1.8129E+00   2.02262E-08 0.0244
    1.9136E+00   2.01789E-08 0.0247
    2.0143E+00   2.06169E-08 0.0248
    2.1150E+00   1.92100E-08 0.0256
    2.2157E+00   1.97555E-08 0.0258
    2.3164E+00   1.89050E-08 0.0265
    2.4171E+00   1.66895E-08 0.0280
    2.5179E+00   1.85696E-08 0.0273
    2.6186E+00   1.70098E-08 0.0287
    2.7193E+00   1.69587E-08 0.0290
    2.8200E+00   1.53482E-08 0.0307
    2.9207E+00   1.40155E-08 0.0323
    3.0214E+00   1.43173E-08 0.0325
    3.1221E+00   1.66044E-08 0.0303
    3.2229E+00   1.38376E-08 0.0339
    3.3236E+00   1.37977E-08 0.0344
    3.4243E+00   1.34301E-08 0.0353
    3.5250E+00   1.31074E-08 0.0358
    3.6257E+00   1.16278E-08 0.0378
    3.7264E+00   1.15884E-08 0.0384
    3.8271E+00   1.29037E-08 0.0368
    3.9279E+00   1.15783E-08 0.0382
    4.0286E+00   1.24755E-08 0.0371
    4.1293E+00   1.30609E-08 0.0363
    4.2300E+00   1.25861E-08 0.0375
    4.3307E+00   1.17604E-08 0.0391
    4.4314E+00   1.06625E-08 0.0408
    4.5321E+00   1.12505E-08 0.0393
    4.6329E+00   1.15437E-08 0.0394
    4.7336E+00   1.09572E-08 0.0400
    4.8343E+00   1.08822E-08 0.0405
    4.9350E+00   1.18928E-08 0.0395
    5.0357E+00   1.06636E-08 0.0423
    5.1364E+00   1.04659E-08 0.0435
    5.2371E+00   9.66927E-09 0.0438
    5.3379E+00   9.43389E-09 0.0444
    5.4386E+00   7.73444E-09 0.0489
    5.5393E+00   7.95942E-09 0.0480
    5.6400E+00   7.68349E-09 0.0500
    5.7407E+00   8.25490E-09 0.0494
    5.8414E+00   7.50722E-09 0.0510
    5.9421E+00   7.29519E-09 0.0522
    6.0429E+00   5.92291E-09 0.0580
    6.1436E+00   6.19433E-09 0.0573
    6.2443E+00   6.28148E-09 0.0564
    6.3450E+00   4.24748E-09 0.0680
    6.4457E+00   5.66694E-09 0.0618
    6.5464E+00   5.80125E-09 0.0588
    6.6471E+00   5.67907E-09 0.0605
    6.7479E+00   5.68255E-09 0.0611
    6.8486E+00   5.44926E-09 0.0628
    6.9493E+00   5.27884E-09 0.0621
    7.0500E+00   4.54664E-09 0.0667
    7.1507E+00   5.56893E-09 0.0616
    7.2514E+00   5.56589E-09 0.0639
    7.3521E+00   3.74768E-09 0.0762
    7.4529E+00   2.36309E-09 0.0930
    7.5536E+00   2.48912E-09 0.0928
    7.6543E+00   2.54193E-09 0.0882
    7.7550E+00   2.09661E-09 0.0972
    7.8557E+00   2.26590E-09 0.0969
    7.9564E+00   2.20748E-09 0.0950
    8.0571E+00   1.75857E-09 0.1054
    8.1579E+00   2.01209E-09 0.1003
    8.2586E+00   1.95756E-09 0.1051
    8.3593E+00   1.74914E-09 0.1124
    8.4600E+00   2.17307E-09 0.0994
    8.5607E+00   2.02817E-09 0.1045
    8.6614E+00   1.76661E-09 0.1117
    8.7621E+00   1.98512E-09 0.1062
    8.8629E+00   1.49184E-09 0.1202
    8.9636E+00   1.37562E-09 0.1285
    9.0643E+00   1.50505E-09 0.1222
    9.1650E+00   1.42470E-09 0.1238
    9.2657E+00   1.29942E-09 0.1274
    9.3664E+00   1.14857E-09 0.1366
    9.4671E+00   1.11114E-09 0.1388
    9.5679E+00   1.09755E-09 0.1451
    9.6686E+00   1.18526E-09 0.1389
    9.7693E+00   1.31492E-09 0.1354
    9.8700E+00   1.19657E-09 0.1406
    9.9707E+00   1.04176E-09 0.1510
    1.0071E+01   8.49684E-10 0.1720
    1.0172E+01   8.00008E-10 0.1690
    1.0273E+01   7.98780E-10 0.1711
    1.0374E+01   4.88447E-10 0.2211
    1.0474E+01   7.64056E-10 0.1788
    1.0575E+01   9.21462E-10 0.1663
    1.0676E+01   7.10345E-10 0.1809
    1.0776E+01   6.49271E-10 0.1887
    1.0877E+01   6.99468E-10 0.1883
    1.0978E+01   5.28692E-10 0.2212
    1.1079E+01   3.30928E-10 0.2711
    1.1179E+01   4.96180E-10 0.2247
    1.1280E+01   2.54652E-10 0.3157
    1.1381E+01   3.80032E-10 0.2632
    1.1481E+01   4.47201E-10 0.2458
    1.1582E+01   3.95808E-10 0.2691
    1.1683E+01   5.25659E-10 0.2176
    1.1784E+01   3.25893E-10 0.2994
    1.1884E+01   1.67654E-10 0.3553
    1.1985E+01   3.18800E-10 0.3048
    1.2086E+01   2.91189E-10 0.2895
    1.2186E+01   3.25540E-10 0.2938
    1.2287E+01   2.36706E-10 0.3585
    1.2388E+01   2.20298E-10 0.3517
    1.2489E+01   8.92729E-11 0.5207
    1.2589E+01   1.90388E-10 0.3487
    1.2690E+01   1.30389E-10 0.4570
    1.2791E+01   2.33928E-10 0.3289
    1.2891E+01   1.23155E-10 0.4487
    1.2992E+01   9.61348E-11 0.5774
    1.3093E+01   6.58815E-11 0.6202
    1.3194E+01   6.97813E-11 0.5740
    1.3294E+01   1.54160E-10 0.3885
    1.3395E+01   7.30783E-11 0.6135
    1.3496E+01   2.11609E-10 0.3445
    1.3596E+01   9.44337E-11 0.5061
    1.3697E+01   8.87935E-11 0.5784
    1.3798E+01   1.45371E-10 0.3882
    1.3899E+01   9.49256E-11 0.5794
    1.3999E+01   1.60411E-10 0.4133
    1.4100E+01   1.86380E-10 0.3562
      total      1.06500E-06 0.0037