1tally        4        nps =   802086646
           tally type 4    track length estimate of particle flux.      units   1/cm**2        
           particle(s): neutrons 

           volumes 
                   cell:      80           81           82           83           84           85                  
                         9.98306E-01  9.98306E-01  9.98306E-01  9.98306E-01  9.98306E-01  9.98306E-01
 
 cell  80                                                                                                                              
      energy   
    0.0000E+00   0.00000E+00 0.0000
    1.0000E-01   6.71457E-07 0.0213
    2.0000E-01   3.08894E-07 0.0287
    3.0000E-01   2.81652E-07 0.0301
    4.0000E-01   2.98251E-07 0.0299
    5.0000E-01   2.97604E-07 0.0298
    6.0000E-01   2.88198E-07 0.0306
    7.0000E-01   3.04977E-07 0.0302
    8.0000E-01   2.91593E-07 0.0306
    9.0000E-01   2.95168E-07 0.0305
    1.0000E+00   2.66908E-07 0.0321
    1.1000E+00   2.55990E-07 0.0329
    1.2000E+00   2.61045E-07 0.0330
    1.3000E+00   2.54891E-07 0.0333
    1.4000E+00   2.31033E-07 0.0350
    1.5000E+00   2.37118E-07 0.0348
    1.6000E+00   2.33125E-07 0.0353
    1.7000E+00   2.10326E-07 0.0368
    1.8000E+00   1.99555E-07 0.0381
    1.9000E+00   1.97960E-07 0.0382
    2.0000E+00   1.82731E-07 0.0397
    2.1000E+00   1.84039E-07 0.0397
    2.2000E+00   1.79257E-07 0.0406
    2.3000E+00   1.59918E-07 0.0423
    2.4000E+00   1.63058E-07 0.0426
    2.5000E+00   1.52830E-07 0.0438
    2.6000E+00   1.54630E-07 0.0441
    2.7000E+00   1.42763E-07 0.0453
    2.8000E+00   1.36663E-07 0.0467
    2.9000E+00   1.20594E-07 0.0493
    3.0000E+00   1.10247E-07 0.0522
    3.1000E+00   1.11418E-07 0.0511
    3.2000E+00   1.01415E-07 0.0538
    3.3000E+00   1.03752E-07 0.0529
    3.4000E+00   9.66202E-08 0.0547
    3.5000E+00   8.68852E-08 0.0578
    3.6000E+00   8.72686E-08 0.0586
    3.7000E+00   7.57298E-08 0.0629
    3.8000E+00   6.48656E-08 0.0669
    3.9000E+00   7.22631E-08 0.0646
    4.0000E+00   5.55518E-08 0.0723
    4.1000E+00   5.88703E-08 0.0700
    4.2000E+00   5.93535E-08 0.0707
    4.3000E+00   5.30851E-08 0.0756
    4.4000E+00   5.72354E-08 0.0717
    4.5000E+00   5.43723E-08 0.0759
    4.6000E+00   4.57998E-08 0.0826
    4.7000E+00   3.91484E-08 0.0859
    4.8000E+00   3.68860E-08 0.0884
    4.9000E+00   3.79885E-08 0.0888
    5.0000E+00   3.44347E-08 0.0935
    5.1000E+00   2.77922E-08 0.1010
    5.2000E+00   3.23463E-08 0.0971
    5.3000E+00   3.15276E-08 0.0982
    5.4000E+00   3.09421E-08 0.0981
    5.5000E+00   2.40181E-08 0.1102
    5.6000E+00   2.29084E-08 0.1143
    5.7000E+00   2.37220E-08 0.1144
    5.8000E+00   2.57847E-08 0.1105
    5.9000E+00   1.60135E-08 0.1344
    6.0000E+00   1.94780E-08 0.1221
    6.1000E+00   1.79153E-08 0.1319
    6.2000E+00   1.47792E-08 0.1410
    6.3000E+00   1.51399E-08 0.1427
    6.4000E+00   1.18195E-08 0.1560
    6.5000E+00   1.16452E-08 0.1550
    6.6000E+00   1.45680E-08 0.1435
    6.7000E+00   1.18618E-08 0.1613
    6.8000E+00   1.26045E-08 0.1565
    6.9000E+00   1.12078E-08 0.1717
    7.0000E+00   8.64692E-09 0.1887
    7.1000E+00   1.39349E-08 0.1532
    7.2000E+00   8.47586E-09 0.1900
    7.3000E+00   7.64128E-09 0.1983
    7.4000E+00   9.65866E-09 0.1807
    7.5000E+00   7.54802E-09 0.1936
    7.6000E+00   7.65057E-09 0.1942
    7.7000E+00   5.65191E-09 0.2244
    7.8000E+00   5.37808E-09 0.2347
    7.9000E+00   5.60512E-09 0.2285
    8.0000E+00   2.90345E-09 0.2974
    8.1000E+00   4.67457E-09 0.2547
    8.2000E+00   3.99896E-09 0.2750
    8.3000E+00   4.59549E-09 0.2509
    8.4000E+00   6.06487E-09 0.2298
    8.5000E+00   3.04254E-09 0.3016
    8.6000E+00   4.41668E-09 0.2558
    8.7000E+00   4.24042E-09 0.2636
    8.8000E+00   2.41445E-09 0.3422
    8.9000E+00   1.87960E-09 0.3836
    9.0000E+00   3.91099E-09 0.2763
    9.1000E+00   2.96030E-09 0.3278
    9.2000E+00   2.17135E-09 0.3657
    9.3000E+00   3.31455E-09 0.3009
    9.4000E+00   2.18350E-09 0.3714
    9.5000E+00   2.56524E-09 0.3592
    9.6000E+00   2.50260E-09 0.3533
    9.7000E+00   1.21173E-09 0.5052
    9.8000E+00   2.13179E-09 0.3738
    9.9000E+00   1.16135E-09 0.5354
    1.0000E+01   1.48009E-09 0.4025
    1.0100E+01   1.39437E-09 0.4187
    1.0200E+01   1.23456E-09 0.4551
    1.0300E+01   8.92578E-10 0.5934
    1.0400E+01   1.80502E-09 0.4407
    1.0500E+01   7.28930E-10 0.6356
    1.0600E+01   1.32568E-09 0.4764
    1.0700E+01   2.16979E-09 0.4103
    1.0800E+01   0.00000E+00 0.0000
    1.0900E+01   1.22959E-09 0.5067
    1.1000E+01   6.13102E-10 0.7092
    1.1100E+01   6.08627E-10 0.6754
    1.1200E+01   3.84569E-10 1.0000
    1.1300E+01   7.28111E-10 0.6432
    1.1400E+01   6.93412E-10 0.7129
    1.1500E+01   9.40056E-10 0.5993
    1.1600E+01   1.02405E-09 0.5814
    1.1700E+01   0.00000E+00 0.0000
    1.1800E+01   0.00000E+00 0.0000
    1.1900E+01   2.61011E-10 1.0000
    1.2000E+01   0.00000E+00 0.0000
    1.2100E+01   1.13840E-10 1.0000
    1.2200E+01   2.58796E-11 1.0000
    1.2300E+01   0.00000E+00 0.0000
    1.2400E+01   2.98753E-10 0.7471
    1.2500E+01   0.00000E+00 0.0000
    1.2600E+01   0.00000E+00 0.0000
    1.2700E+01   0.00000E+00 0.0000
    1.2800E+01   0.00000E+00 0.0000
    1.2900E+01   0.00000E+00 0.0000
    1.3000E+01   0.00000E+00 0.0000
    1.3100E+01   2.07279E-10 1.0000
    1.3200E+01   3.94528E-10 1.0000
    1.3300E+01   0.00000E+00 0.0000
    1.3400E+01   0.00000E+00 0.0000
    1.3500E+01   0.00000E+00 0.0000
    1.3600E+01   1.54446E-10 1.0000
    1.3700E+01   0.00000E+00 0.0000
    1.3800E+01   0.00000E+00 0.0000
    1.3900E+01   0.00000E+00 0.0000
    1.4000E+01   0.00000E+00 0.0000
    1.4100E+01   4.08030E-10 1.0000
      total      8.94314E-06 0.0060
 
 cell  81                                                                                                                              
      energy   
    0.0000E+00   0.00000E+00 0.0000
    1.0000E-01   4.98956E-07 0.0247
    2.0000E-01   1.01645E-07 0.0497
    3.0000E-01   8.56594E-08 0.0557
    4.0000E-01   7.03278E-08 0.0607
    5.0000E-01   5.98846E-08 0.0648
    6.0000E-01   5.75996E-08 0.0677
    7.0000E-01   5.57643E-08 0.0693
    8.0000E-01   5.06347E-08 0.0714
    9.0000E-01   5.66384E-08 0.0693
    1.0000E+00   4.78830E-08 0.0758
    1.1000E+00   4.62258E-08 0.0759
    1.2000E+00   4.94793E-08 0.0747
    1.3000E+00   4.21589E-08 0.0784
    1.4000E+00   4.75660E-08 0.0764
    1.5000E+00   4.70736E-08 0.0783
    1.6000E+00   3.49209E-08 0.0905
    1.7000E+00   3.71706E-08 0.0855
    1.8000E+00   3.76649E-08 0.0856
    1.9000E+00   3.52396E-08 0.0900
    2.0000E+00   3.74565E-08 0.0876
    2.1000E+00   3.42497E-08 0.0913
    2.2000E+00   3.01569E-08 0.0960
    2.3000E+00   3.26973E-08 0.0946
    2.4000E+00   3.43316E-08 0.0933
    2.5000E+00   3.43848E-08 0.0923
    2.6000E+00   2.64607E-08 0.1042
    2.7000E+00   2.75776E-08 0.1000
    2.8000E+00   2.47936E-08 0.1075
    2.9000E+00   1.88241E-08 0.1232
    3.0000E+00   1.85201E-08 0.1248
    3.1000E+00   2.35307E-08 0.1089
    3.2000E+00   2.79183E-08 0.0992
    3.3000E+00   2.14786E-08 0.1141
    3.4000E+00   2.07208E-08 0.1148
    3.5000E+00   1.92634E-08 0.1211
    3.6000E+00   1.73792E-08 0.1264
    3.7000E+00   1.48387E-08 0.1398
    3.8000E+00   1.74478E-08 0.1300
    3.9000E+00   1.43960E-08 0.1388
    4.0000E+00   1.89062E-08 0.1235
    4.1000E+00   2.09241E-08 0.1153
    4.2000E+00   1.61970E-08 0.1362
    4.3000E+00   1.81468E-08 0.1253
    4.4000E+00   1.70810E-08 0.1329
    4.5000E+00   1.81952E-08 0.1266
    4.6000E+00   1.90978E-08 0.1203
    4.7000E+00   1.76677E-08 0.1299
    4.8000E+00   1.80514E-08 0.1276
    4.9000E+00   2.12509E-08 0.1182
    5.0000E+00   1.62637E-08 0.1389
    5.1000E+00   1.86480E-08 0.1203
    5.2000E+00   2.17411E-08 0.1198
    5.3000E+00   1.49460E-08 0.1422
    5.4000E+00   1.44721E-08 0.1449
    5.5000E+00   1.53869E-08 0.1405
    5.6000E+00   1.54131E-08 0.1387
    5.7000E+00   1.53682E-08 0.1414
    5.8000E+00   1.06504E-08 0.1623
    5.9000E+00   8.80367E-09 0.1848
    6.0000E+00   1.18820E-08 0.1567
    6.1000E+00   9.96294E-09 0.1690
    6.2000E+00   1.22796E-08 0.1574
    6.3000E+00   6.66494E-09 0.2043
    6.4000E+00   4.92219E-09 0.2415
    6.5000E+00   8.43789E-09 0.1814
    6.6000E+00   1.02024E-08 0.1723
    6.7000E+00   8.21535E-09 0.1950
    6.8000E+00   9.51873E-09 0.1751
    6.9000E+00   1.09472E-08 0.1654
    7.0000E+00   9.71259E-09 0.1799
    7.1000E+00   7.26777E-09 0.2039
    7.2000E+00   8.00388E-09 0.1902
    7.3000E+00   4.87015E-09 0.2375
    7.4000E+00   4.02340E-09 0.2750
    7.5000E+00   4.22045E-09 0.2657
    7.6000E+00   4.85488E-09 0.2390
    7.7000E+00   5.93994E-09 0.2118
    7.8000E+00   3.03775E-09 0.2798
    7.9000E+00   1.84093E-09 0.3700
    8.0000E+00   2.03314E-09 0.3730
    8.1000E+00   2.73873E-09 0.3381
    8.2000E+00   2.97014E-09 0.3252
    8.3000E+00   2.60165E-09 0.3120
    8.4000E+00   3.92719E-09 0.2836
    8.5000E+00   3.99950E-09 0.2732
    8.6000E+00   4.23837E-09 0.2633
    8.7000E+00   2.97675E-09 0.3040
    8.8000E+00   2.17862E-09 0.3515
    8.9000E+00   2.89266E-09 0.3027
    9.0000E+00   2.19722E-09 0.3275
    9.1000E+00   1.79187E-09 0.3542
    9.2000E+00   1.62913E-09 0.4164
    9.3000E+00   1.96589E-09 0.3654
    9.4000E+00   1.04138E-09 0.5442
    9.5000E+00   1.69365E-09 0.4022
    9.6000E+00   7.03419E-10 0.6496
    9.7000E+00   2.33496E-09 0.3389
    9.8000E+00   2.35786E-09 0.3401
    9.9000E+00   3.89722E-10 0.7220
    1.0000E+01   2.46648E-09 0.3519
    1.0100E+01   2.07034E-09 0.3790
    1.0200E+01   1.77460E-09 0.4172
    1.0300E+01   1.30075E-09 0.4686
    1.0400E+01   1.24885E-09 0.5061
    1.0500E+01   8.26441E-10 0.5976
    1.0600E+01   2.68654E-09 0.3431
    1.0700E+01   9.96498E-10 0.5834
    1.0800E+01   7.75123E-10 0.5919
    1.0900E+01   0.00000E+00 0.0000
    1.1000E+01   6.74543E-10 0.6078
    1.1100E+01   5.72505E-10 0.7074
    1.1200E+01   2.54621E-10 1.0000
    1.1300E+01   6.44949E-10 0.7100
    1.1400E+01   9.65347E-10 0.5589
    1.1500E+01   3.68382E-10 0.7472
    1.1600E+01   0.00000E+00 0.0000
    1.1700E+01   7.86182E-10 0.5830
    1.1800E+01   3.07245E-10 1.0000
    1.1900E+01   3.47244E-10 1.0000
    1.2000E+01   4.81540E-10 0.7072
    1.2100E+01   3.26583E-10 1.0000
    1.2200E+01   1.54404E-09 0.4608
    1.2300E+01   0.00000E+00 0.0000
    1.2400E+01   2.09210E-10 1.0000
    1.2500E+01   0.00000E+00 0.0000
    1.2600E+01   0.00000E+00 0.0000
    1.2700E+01   6.55524E-10 0.7158
    1.2800E+01   4.85022E-10 0.8076
    1.2900E+01   0.00000E+00 0.0000
    1.3000E+01   5.90595E-10 0.7115
    1.3100E+01   0.00000E+00 0.0000
    1.3200E+01   0.00000E+00 0.0000
    1.3300E+01   0.00000E+00 0.0000
    1.3400E+01   0.00000E+00 0.0000
    1.3500E+01   1.61240E-10 1.0000
    1.3600E+01   0.00000E+00 0.0000
    1.3700E+01   0.00000E+00 0.0000
    1.3800E+01   0.00000E+00 0.0000
    1.3900E+01   0.00000E+00 0.0000
    1.4000E+01   0.00000E+00 0.0000
    1.4100E+01   0.00000E+00 0.0000
      total      2.51312E-06 0.0111
 
 cell  82                                                                                                                              
      energy   
    0.0000E+00   0.00000E+00 0.0000
    1.0000E-01   5.51016E-07 0.0235
    2.0000E-01   1.05766E-07 0.0487
    3.0000E-01   8.47305E-08 0.0544
    4.0000E-01   8.06281E-08 0.0572
    5.0000E-01   6.98206E-08 0.0603
    6.0000E-01   5.96638E-08 0.0664
    7.0000E-01   5.70783E-08 0.0685
    8.0000E-01   6.61430E-08 0.0647
    9.0000E-01   6.21662E-08 0.0666
    1.0000E+00   5.31631E-08 0.0718
    1.1000E+00   4.80871E-08 0.0742
    1.2000E+00   5.23813E-08 0.0741
    1.3000E+00   4.54168E-08 0.0775
    1.4000E+00   4.07058E-08 0.0809
    1.5000E+00   4.89596E-08 0.0768
    1.6000E+00   3.99172E-08 0.0826
    1.7000E+00   3.80466E-08 0.0854
    1.8000E+00   4.19118E-08 0.0816
    1.9000E+00   4.03418E-08 0.0831
    2.0000E+00   3.44685E-08 0.0881
    2.1000E+00   3.29376E-08 0.0897
    2.2000E+00   3.67402E-08 0.0891
    2.3000E+00   3.61429E-08 0.0892
    2.4000E+00   3.29168E-08 0.0962
    2.5000E+00   3.35956E-08 0.0906
    2.6000E+00   3.39132E-08 0.0914
    2.7000E+00   3.29648E-08 0.0939
    2.8000E+00   2.69362E-08 0.1027
    2.9000E+00   2.26865E-08 0.1111
    3.0000E+00   2.02288E-08 0.1200
    3.1000E+00   2.88899E-08 0.1012
    3.2000E+00   2.96986E-08 0.0977
    3.3000E+00   2.09015E-08 0.1174
    3.4000E+00   1.99543E-08 0.1214
    3.5000E+00   2.10056E-08 0.1188
    3.6000E+00   1.96427E-08 0.1179
    3.7000E+00   2.03007E-08 0.1208
    3.8000E+00   1.84874E-08 0.1211
    3.9000E+00   1.83232E-08 0.1238
    4.0000E+00   2.15460E-08 0.1157
    4.1000E+00   2.07428E-08 0.1171
    4.2000E+00   2.28838E-08 0.1130
    4.3000E+00   1.54339E-08 0.1270
    4.4000E+00   1.61490E-08 0.1295
    4.5000E+00   2.05935E-08 0.1180
    4.6000E+00   1.70019E-08 0.1297
    4.7000E+00   2.34488E-08 0.1129
    4.8000E+00   1.77204E-08 0.1263
    4.9000E+00   2.10691E-08 0.1165
    5.0000E+00   1.63279E-08 0.1285
    5.1000E+00   1.57461E-08 0.1354
    5.2000E+00   1.64171E-08 0.1272
    5.3000E+00   1.67312E-08 0.1366
    5.4000E+00   1.20562E-08 0.1551
    5.5000E+00   1.35033E-08 0.1460
    5.6000E+00   1.33913E-08 0.1488
    5.7000E+00   1.50811E-08 0.1368
    5.8000E+00   1.65566E-08 0.1328
    5.9000E+00   1.01399E-08 0.1756
    6.0000E+00   1.12043E-08 0.1640
    6.1000E+00   8.47044E-09 0.1890
    6.2000E+00   9.42255E-09 0.1763
    6.3000E+00   7.23511E-09 0.2109
    6.4000E+00   4.60276E-09 0.2511
    6.5000E+00   1.11371E-08 0.1607
    6.6000E+00   1.02184E-08 0.1651
    6.7000E+00   8.33584E-09 0.1917
    6.8000E+00   1.11596E-08 0.1620
    6.9000E+00   1.03714E-08 0.1672
    7.0000E+00   1.14461E-08 0.1549
    7.1000E+00   7.68645E-09 0.1960
    7.2000E+00   7.77556E-09 0.1980
    7.3000E+00   6.23095E-09 0.2167
    7.4000E+00   4.92781E-09 0.2373
    7.5000E+00   2.94372E-09 0.3115
    7.6000E+00   6.19503E-09 0.2084
    7.7000E+00   2.33527E-09 0.3459
    7.8000E+00   1.87559E-09 0.3573
    7.9000E+00   2.58360E-09 0.3208
    8.0000E+00   4.03912E-09 0.2622
    8.1000E+00   3.70815E-09 0.2701
    8.2000E+00   5.08785E-09 0.2457
    8.3000E+00   3.93543E-09 0.2780
    8.4000E+00   2.74325E-09 0.3310
    8.5000E+00   1.94374E-09 0.3711
    8.6000E+00   3.23737E-09 0.2847
    8.7000E+00   1.90709E-09 0.3628
    8.8000E+00   2.89542E-09 0.3104
    8.9000E+00   2.41980E-09 0.3349
    9.0000E+00   3.13039E-09 0.3037
    9.1000E+00   3.63131E-09 0.2821
    9.2000E+00   2.40445E-09 0.3454
    9.3000E+00   1.49027E-09 0.4075
    9.4000E+00   1.32288E-09 0.4382
    9.5000E+00   1.78337E-09 0.4079
    9.6000E+00   9.93506E-10 0.5146
    9.7000E+00   2.75404E-09 0.3244
    9.8000E+00   1.00888E-09 0.5774
    9.9000E+00   1.81856E-09 0.4213
    1.0000E+01   8.39764E-10 0.5269
    1.0100E+01   1.71516E-09 0.4184
    1.0200E+01   9.03391E-10 0.5231
    1.0300E+01   6.48107E-10 0.6242
    1.0400E+01   5.62250E-10 0.6472
    1.0500E+01   2.67648E-09 0.3308
    1.0600E+01   2.91611E-10 1.0000
    1.0700E+01   1.22885E-09 0.5162
    1.0800E+01   1.81948E-09 0.4285
    1.0900E+01   3.56709E-10 1.0000
    1.1000E+01   5.61469E-10 0.7372
    1.1100E+01   7.31342E-10 0.6035
    1.1200E+01   0.00000E+00 0.0000
    1.1300E+01   3.37845E-10 1.0000
    1.1400E+01   4.54242E-10 0.7337
    1.1500E+01   3.86587E-10 0.7087
    1.1600E+01   7.88092E-10 0.6078
    1.1700E+01   1.04330E-09 0.5776
    1.1800E+01   6.25077E-10 0.7120
    1.1900E+01   4.59863E-10 0.7228
    1.2000E+01   1.05909E-09 0.5785
    1.2100E+01   6.05248E-10 0.7096
    1.2200E+01   3.01182E-10 1.0000
    1.2300E+01   4.07497E-10 0.8113
    1.2400E+01   6.69599E-10 0.7193
    1.2500E+01   0.00000E+00 0.0000
    1.2600E+01   5.01655E-10 0.7095
    1.2700E+01   2.80286E-10 1.0000
    1.2800E+01   3.08637E-10 1.0000
    1.2900E+01   3.72079E-10 1.0000
    1.3000E+01   3.99886E-10 1.0000
    1.3100E+01   0.00000E+00 0.0000
    1.3200E+01   3.00294E-10 0.7368
    1.3300E+01   0.00000E+00 0.0000
    1.3400E+01   0.00000E+00 0.0000
    1.3500E+01   0.00000E+00 0.0000
    1.3600E+01   7.00790E-11 1.0000
    1.3700E+01   0.00000E+00 0.0000
    1.3800E+01   2.90772E-10 1.0000
    1.3900E+01   0.00000E+00 0.0000
    1.4000E+01   0.00000E+00 0.0000
    1.4100E+01   9.97179E-11 1.0000
      total      2.68973E-06 0.0107
 
 cell  83                                                                                                                              
      energy   
    0.0000E+00   0.00000E+00 0.0000
    1.0000E-01   5.23109E-07 0.0242
    2.0000E-01   1.01666E-07 0.0494
    3.0000E-01   8.09512E-08 0.0556
    4.0000E-01   7.69269E-08 0.0578
    5.0000E-01   6.69569E-08 0.0621
    6.0000E-01   5.65227E-08 0.0686
    7.0000E-01   6.00466E-08 0.0678
    8.0000E-01   5.95343E-08 0.0668
    9.0000E-01   5.89145E-08 0.0679
    1.0000E+00   5.14748E-08 0.0725
    1.1000E+00   4.60039E-08 0.0770
    1.2000E+00   5.24915E-08 0.0730
    1.3000E+00   5.19976E-08 0.0733
    1.4000E+00   4.84063E-08 0.0763
    1.5000E+00   3.82967E-08 0.0869
    1.6000E+00   3.84226E-08 0.0859
    1.7000E+00   4.16596E-08 0.0830
    1.8000E+00   3.79544E-08 0.0854
    1.9000E+00   3.78578E-08 0.0862
    2.0000E+00   3.33467E-08 0.0920
    2.1000E+00   3.55016E-08 0.0897
    2.2000E+00   3.43745E-08 0.0920
    2.3000E+00   3.49798E-08 0.0918
    2.4000E+00   3.62334E-08 0.0899
    2.5000E+00   3.66640E-08 0.0884
    2.6000E+00   3.18860E-08 0.0943
    2.7000E+00   2.49384E-08 0.1061
    2.8000E+00   2.97927E-08 0.0996
    2.9000E+00   2.83504E-08 0.1008
    3.0000E+00   2.31101E-08 0.1117
    3.1000E+00   2.90276E-08 0.0995
    3.2000E+00   2.80470E-08 0.1020
    3.3000E+00   2.33829E-08 0.1104
    3.4000E+00   2.15137E-08 0.1147
    3.5000E+00   1.91052E-08 0.1234
    3.6000E+00   1.95593E-08 0.1202
    3.7000E+00   1.66576E-08 0.1334
    3.8000E+00   1.59049E-08 0.1324
    3.9000E+00   1.88697E-08 0.1222
    4.0000E+00   1.80607E-08 0.1242
    4.1000E+00   2.08924E-08 0.1218
    4.2000E+00   2.26581E-08 0.1145
    4.3000E+00   1.69972E-08 0.1303
    4.4000E+00   2.19060E-08 0.1148
    4.5000E+00   1.33966E-08 0.1423
    4.6000E+00   1.89635E-08 0.1252
    4.7000E+00   1.73952E-08 0.1289
    4.8000E+00   2.20948E-08 0.1173
    4.9000E+00   2.28812E-08 0.1153
    5.0000E+00   1.69727E-08 0.1342
    5.1000E+00   1.61016E-08 0.1371
    5.2000E+00   1.73483E-08 0.1310
    5.3000E+00   1.58723E-08 0.1333
    5.4000E+00   1.39138E-08 0.1433
    5.5000E+00   1.54645E-08 0.1331
    5.6000E+00   1.56218E-08 0.1380
    5.7000E+00   1.70433E-08 0.1304
    5.8000E+00   1.37944E-08 0.1445
    5.9000E+00   1.35505E-08 0.1492
    6.0000E+00   1.33193E-08 0.1487
    6.1000E+00   1.03700E-08 0.1702
    6.2000E+00   1.20412E-08 0.1545
    6.3000E+00   6.03038E-09 0.2258
    6.4000E+00   7.59035E-09 0.1923
    6.5000E+00   1.21873E-08 0.1584
    6.6000E+00   9.54880E-09 0.1757
    6.7000E+00   6.82857E-09 0.2097
    6.8000E+00   8.39612E-09 0.1874
    6.9000E+00   6.96772E-09 0.2082
    7.0000E+00   1.14430E-08 0.1613
    7.1000E+00   9.18146E-09 0.1790
    7.2000E+00   9.24568E-09 0.1854
    7.3000E+00   8.98066E-09 0.1770
    7.4000E+00   2.53946E-09 0.3315
    7.5000E+00   4.27547E-09 0.2508
    7.6000E+00   2.45250E-09 0.3466
    7.7000E+00   3.63876E-09 0.2715
    7.8000E+00   1.38904E-09 0.4605
    7.9000E+00   3.13388E-09 0.3108
    8.0000E+00   2.36193E-09 0.3136
    8.1000E+00   2.23088E-09 0.3742
    8.2000E+00   3.08734E-09 0.3052
    8.3000E+00   7.15200E-09 0.2033
    8.4000E+00   2.75225E-09 0.3259
    8.5000E+00   3.34838E-09 0.2949
    8.6000E+00   2.97644E-09 0.3152
    8.7000E+00   3.37499E-09 0.2806
    8.8000E+00   3.66890E-09 0.2752
    8.9000E+00   3.50785E-09 0.2605
    9.0000E+00   2.75202E-09 0.3203
    9.1000E+00   1.35374E-09 0.4506
    9.2000E+00   1.36969E-09 0.4710
    9.3000E+00   1.85163E-09 0.3840
    9.4000E+00   1.78777E-09 0.4362
    9.5000E+00   1.14008E-09 0.4082
    9.6000E+00   1.63751E-09 0.4377
    9.7000E+00   2.30851E-09 0.3519
    9.8000E+00   2.04690E-09 0.3745
    9.9000E+00   1.49488E-09 0.3967
    1.0000E+01   1.38991E-09 0.4514
    1.0100E+01   1.57909E-09 0.3842
    1.0200E+01   8.79243E-10 0.5350
    1.0300E+01   1.47597E-09 0.4151
    1.0400E+01   1.29909E-09 0.4550
    1.0500E+01   9.74498E-10 0.5161
    1.0600E+01   1.02488E-09 0.5810
    1.0700E+01   1.38032E-09 0.4130
    1.0800E+01   1.11415E-09 0.4697
    1.0900E+01   7.24015E-10 0.7136
    1.1000E+01   7.49686E-10 0.6128
    1.1100E+01   2.56396E-10 1.0000
    1.1200E+01   3.44946E-10 0.8357
    1.1300E+01   1.00473E-09 0.5337
    1.1400E+01   1.04708E-09 0.5836
    1.1500E+01   0.00000E+00 0.0000
    1.1600E+01   2.69476E-10 1.0000
    1.1700E+01   2.60545E-10 1.0000
    1.1800E+01   0.00000E+00 0.0000
    1.1900E+01   3.76783E-10 1.0000
    1.2000E+01   7.23086E-10 0.7125
    1.2100E+01   0.00000E+00 0.0000
    1.2200E+01   3.92389E-10 1.0000
    1.2300E+01   0.00000E+00 0.0000
    1.2400E+01   0.00000E+00 0.0000
    1.2500E+01   2.10578E-10 1.0000
    1.2600E+01   0.00000E+00 0.0000
    1.2700E+01   2.56023E-10 0.7370
    1.2800E+01   7.57506E-10 0.7073
    1.2900E+01   0.00000E+00 0.0000
    1.3000E+01   0.00000E+00 0.0000
    1.3100E+01   0.00000E+00 0.0000
    1.3200E+01   0.00000E+00 0.0000
    1.3300E+01   0.00000E+00 0.0000
    1.3400E+01   1.92611E-10 1.0000
    1.3500E+01   0.00000E+00 0.0000
    1.3600E+01   9.58094E-10 0.5846
    1.3700E+01   5.99767E-10 0.7191
    1.3800E+01   0.00000E+00 0.0000
    1.3900E+01   0.00000E+00 0.0000
    1.4000E+01   0.00000E+00 0.0000
    1.4100E+01   0.00000E+00 0.0000
      total      2.64337E-06 0.0108
 
 cell  84                                                                                                                              
      energy   
    0.0000E+00   0.00000E+00 0.0000
    1.0000E-01   6.34141E-07 0.0220
    2.0000E-01   1.11903E-07 0.0477
    3.0000E-01   9.45019E-08 0.0526
    4.0000E-01   8.54119E-08 0.0546
    5.0000E-01   7.36433E-08 0.0594
    6.0000E-01   7.97131E-08 0.0574
    7.0000E-01   7.16337E-08 0.0615
    8.0000E-01   6.72856E-08 0.0637
    9.0000E-01   7.22471E-08 0.0614
    1.0000E+00   5.39324E-08 0.0698
    1.1000E+00   5.43633E-08 0.0703
    1.2000E+00   5.02232E-08 0.0738
    1.3000E+00   5.43163E-08 0.0712
    1.4000E+00   5.38354E-08 0.0719
    1.5000E+00   4.78598E-08 0.0767
    1.6000E+00   4.99985E-08 0.0746
    1.7000E+00   3.84401E-08 0.0830
    1.8000E+00   3.89563E-08 0.0854
    1.9000E+00   4.14424E-08 0.0830
    2.0000E+00   4.25558E-08 0.0814
    2.1000E+00   4.22839E-08 0.0824
    2.2000E+00   4.26184E-08 0.0819
    2.3000E+00   3.98140E-08 0.0829
    2.4000E+00   3.43590E-08 0.0927
    2.5000E+00   3.66609E-08 0.0888
    2.6000E+00   3.47614E-08 0.0909
    2.7000E+00   3.55806E-08 0.0900
    2.8000E+00   3.00493E-08 0.0970
    2.9000E+00   2.36325E-08 0.1115
    3.0000E+00   2.69359E-08 0.1037
    3.1000E+00   2.90335E-08 0.0976
    3.2000E+00   2.59672E-08 0.1069
    3.3000E+00   2.64342E-08 0.1048
    3.4000E+00   2.25187E-08 0.1116
    3.5000E+00   2.05285E-08 0.1167
    3.6000E+00   1.90786E-08 0.1239
    3.7000E+00   2.03323E-08 0.1196
    3.8000E+00   1.90075E-08 0.1236
    3.9000E+00   2.60870E-08 0.1047
    4.0000E+00   2.55661E-08 0.1073
    4.1000E+00   2.47300E-08 0.1066
    4.2000E+00   2.34042E-08 0.1114
    4.3000E+00   1.91516E-08 0.1190
    4.4000E+00   1.95459E-08 0.1232
    4.5000E+00   2.43070E-08 0.1094
    4.6000E+00   2.19096E-08 0.1174
    4.7000E+00   2.38839E-08 0.1095
    4.8000E+00   2.61087E-08 0.1091
    4.9000E+00   2.09714E-08 0.1171
    5.0000E+00   2.26793E-08 0.1137
    5.1000E+00   1.84906E-08 0.1290
    5.2000E+00   1.64897E-08 0.1379
    5.3000E+00   1.85443E-08 0.1225
    5.4000E+00   1.20241E-08 0.1526
    5.5000E+00   1.28929E-08 0.1447
    5.6000E+00   1.49119E-08 0.1427
    5.7000E+00   1.33679E-08 0.1481
    5.8000E+00   1.21344E-08 0.1509
    5.9000E+00   1.59987E-08 0.1369
    6.0000E+00   1.20250E-08 0.1574
    6.1000E+00   1.01048E-08 0.1727
    6.2000E+00   1.33454E-08 0.1492
    6.3000E+00   9.38537E-09 0.1818
    6.4000E+00   7.57846E-09 0.1919
    6.5000E+00   1.05272E-08 0.1710
    6.6000E+00   9.80994E-09 0.1774
    6.7000E+00   8.56304E-09 0.1789
    6.8000E+00   1.09478E-08 0.1637
    6.9000E+00   7.04259E-09 0.2026
    7.0000E+00   1.17864E-08 0.1632
    7.1000E+00   1.22311E-08 0.1537
    7.2000E+00   6.58980E-09 0.2172
    7.3000E+00   1.03994E-08 0.1691
    7.4000E+00   4.03503E-09 0.2585
    7.5000E+00   4.23553E-09 0.2556
    7.6000E+00   4.04407E-09 0.2518
    7.7000E+00   4.50645E-09 0.2471
    7.8000E+00   2.25671E-09 0.3516
    7.9000E+00   3.31660E-09 0.2883
    8.0000E+00   2.17405E-09 0.3257
    8.1000E+00   2.73766E-09 0.3094
    8.2000E+00   4.65076E-09 0.2577
    8.3000E+00   5.47752E-09 0.2327
    8.4000E+00   2.96652E-09 0.2987
    8.5000E+00   3.38148E-09 0.2834
    8.6000E+00   2.94367E-09 0.3254
    8.7000E+00   2.95072E-09 0.3145
    8.8000E+00   2.70377E-09 0.3414
    8.9000E+00   2.67346E-09 0.3321
    9.0000E+00   3.93303E-09 0.2644
    9.1000E+00   1.59024E-09 0.4439
    9.2000E+00   1.34277E-09 0.3889
    9.3000E+00   2.47951E-09 0.3491
    9.4000E+00   7.62516E-10 0.5430
    9.5000E+00   1.82912E-09 0.3920
    9.6000E+00   2.20996E-09 0.3803
    9.7000E+00   1.04709E-09 0.5163
    9.8000E+00   9.75423E-10 0.5201
    9.9000E+00   1.09310E-09 0.5194
    1.0000E+01   4.90486E-10 0.6640
    1.0100E+01   1.17978E-09 0.5310
    1.0200E+01   9.61313E-10 0.4842
    1.0300E+01   1.09884E-09 0.4720
    1.0400E+01   8.75885E-10 0.5784
    1.0500E+01   1.33792E-09 0.4373
    1.0600E+01   1.32655E-09 0.4131
    1.0700E+01   1.02588E-09 0.5307
    1.0800E+01   3.78908E-10 0.7087
    1.0900E+01   8.46354E-10 0.5798
    1.1000E+01   0.00000E+00 0.0000
    1.1100E+01   0.00000E+00 0.0000
    1.1200E+01   1.26828E-09 0.5064
    1.1300E+01   9.55880E-10 0.5823
    1.1400E+01   1.00992E-09 0.5185
    1.1500E+01   7.48145E-10 0.6380
    1.1600E+01   3.82475E-10 1.0000
    1.1700E+01   6.24978E-10 0.7225
    1.1800E+01   0.00000E+00 0.0000
    1.1900E+01   3.86202E-10 0.7125
    1.2000E+01   0.00000E+00 0.0000
    1.2100E+01   8.82111E-10 0.5061
    1.2200E+01   0.00000E+00 0.0000
    1.2300E+01   3.18383E-10 1.0000
    1.2400E+01   2.56569E-10 0.8622
    1.2500E+01   3.57066E-10 1.0000
    1.2600E+01   6.79171E-10 0.6490
    1.2700E+01   0.00000E+00 0.0000
    1.2800E+01   3.18869E-10 1.0000
    1.2900E+01   5.51008E-10 0.7239
    1.3000E+01   3.54981E-10 1.0000
    1.3100E+01   2.68452E-10 1.0000
    1.3200E+01   0.00000E+00 0.0000
    1.3300E+01   2.24352E-10 1.0000
    1.3400E+01   0.00000E+00 0.0000
    1.3500E+01   0.00000E+00 0.0000
    1.3600E+01   2.29386E-10 1.0000
    1.3700E+01   3.00594E-10 1.0000
    1.3800E+01   0.00000E+00 0.0000
    1.3900E+01   0.00000E+00 0.0000
    1.4000E+01   0.00000E+00 0.0000
    1.4100E+01   3.53276E-10 1.0000
      total      2.99184E-06 0.0102
 
 cell  85                                                                                                                              
      energy   
    0.0000E+00   0.00000E+00 0.0000
    1.0000E-01   1.81285E-06 0.0132
    2.0000E-01   3.49166E-07 0.0270
    3.0000E-01   2.74314E-07 0.0306
    4.0000E-01   2.43577E-07 0.0328
    5.0000E-01   2.16123E-07 0.0351
    6.0000E-01   1.86394E-07 0.0379
    7.0000E-01   1.88841E-07 0.0379
    8.0000E-01   1.78597E-07 0.0391
    9.0000E-01   1.82091E-07 0.0392
    1.0000E+00   1.60056E-07 0.0413
    1.1000E+00   1.37094E-07 0.0446
    1.2000E+00   1.37686E-07 0.0450
    1.3000E+00   1.24684E-07 0.0474
    1.4000E+00   1.21771E-07 0.0479
    1.5000E+00   1.06587E-07 0.0510
    1.6000E+00   1.12387E-07 0.0498
    1.7000E+00   1.07202E-07 0.0508
    1.8000E+00   1.05640E-07 0.0523
    1.9000E+00   9.55739E-08 0.0536
    2.0000E+00   1.01484E-07 0.0533
    2.1000E+00   9.09565E-08 0.0556
    2.2000E+00   8.60785E-08 0.0584
    2.3000E+00   8.26287E-08 0.0590
    2.4000E+00   7.32263E-08 0.0624
    2.5000E+00   8.37537E-08 0.0579
    2.6000E+00   7.75623E-08 0.0603
    2.7000E+00   7.43143E-08 0.0621
    2.8000E+00   6.66882E-08 0.0654
    2.9000E+00   5.55849E-08 0.0715
    3.0000E+00   5.73506E-08 0.0725
    3.1000E+00   7.26786E-08 0.0635
    3.2000E+00   5.63463E-08 0.0715
    3.3000E+00   5.00336E-08 0.0760
    3.4000E+00   4.89939E-08 0.0750
    3.5000E+00   4.99521E-08 0.0759
    3.6000E+00   4.13972E-08 0.0820
    3.7000E+00   3.59208E-08 0.0879
    3.8000E+00   4.49367E-08 0.0814
    3.9000E+00   4.25545E-08 0.0821
    4.0000E+00   3.91405E-08 0.0838
    4.1000E+00   5.02067E-08 0.0769
    4.2000E+00   4.48751E-08 0.0803
    4.3000E+00   4.69999E-08 0.0792
    4.4000E+00   3.71089E-08 0.0877
    4.5000E+00   4.16136E-08 0.0830
    4.6000E+00   3.91708E-08 0.0858
    4.7000E+00   3.42881E-08 0.0902
    4.8000E+00   3.51221E-08 0.0908
    4.9000E+00   4.26636E-08 0.0814
    5.0000E+00   3.68537E-08 0.0898
    5.1000E+00   3.22794E-08 0.0956
    5.2000E+00   3.03751E-08 0.0975
    5.3000E+00   3.78972E-08 0.0886
    5.4000E+00   1.99926E-08 0.1201
    5.5000E+00   2.62408E-08 0.1050
    5.6000E+00   2.38267E-08 0.1106
    5.7000E+00   2.18435E-08 0.1143
    5.8000E+00   2.69025E-08 0.1050
    5.9000E+00   2.04378E-08 0.1205
    6.0000E+00   1.86138E-08 0.1255
    6.1000E+00   2.30766E-08 0.1202
    6.2000E+00   2.16404E-08 0.1194
    6.3000E+00   1.27710E-08 0.1462
    6.4000E+00   1.47163E-08 0.1424
    6.5000E+00   1.84612E-08 0.1250
    6.6000E+00   2.00322E-08 0.1206
    6.7000E+00   1.29810E-08 0.1535
    6.8000E+00   1.41402E-08 0.1433
    6.9000E+00   1.85018E-08 0.1252
    7.0000E+00   1.36307E-08 0.1444
    7.1000E+00   1.68073E-08 0.1322
    7.2000E+00   1.64605E-08 0.1367
    7.3000E+00   1.27184E-08 0.1505
    7.4000E+00   5.95030E-09 0.2183
    7.5000E+00   4.80293E-09 0.2374
    7.6000E+00   8.80940E-09 0.1907
    7.7000E+00   6.56757E-09 0.2075
    7.8000E+00   5.47373E-09 0.2219
    7.9000E+00   5.55993E-09 0.2127
    8.0000E+00   6.55958E-09 0.2084
    8.1000E+00   5.85584E-09 0.2126
    8.2000E+00   5.49208E-09 0.2156
    8.3000E+00   8.34657E-09 0.1832
    8.4000E+00   3.81302E-09 0.2611
    8.5000E+00   4.85142E-09 0.2457
    8.6000E+00   6.36073E-09 0.2096
    8.7000E+00   6.42701E-09 0.2127
    8.8000E+00   3.31066E-09 0.2836
    8.9000E+00   4.70564E-09 0.2555
    9.0000E+00   4.56912E-09 0.2578
    9.1000E+00   3.81397E-09 0.2793
    9.2000E+00   4.96204E-09 0.2268
    9.3000E+00   3.68955E-09 0.2911
    9.4000E+00   2.40326E-09 0.3339
    9.5000E+00   3.25489E-09 0.2980
    9.6000E+00   2.33321E-09 0.3530
    9.7000E+00   4.08255E-09 0.2575
    9.8000E+00   3.88450E-09 0.2672
    9.9000E+00   2.41845E-09 0.3585
    1.0000E+01   3.85482E-09 0.2735
    1.0100E+01   1.16698E-09 0.4469
    1.0200E+01   2.12147E-09 0.3780
    1.0300E+01   1.60349E-09 0.4279
    1.0400E+01   1.68068E-09 0.4210
    1.0500E+01   2.19711E-09 0.3860
    1.0600E+01   2.73157E-09 0.3186
    1.0700E+01   3.26741E-09 0.3064
    1.0800E+01   3.38837E-10 0.6704
    1.0900E+01   1.47347E-09 0.4247
    1.1000E+01   6.21683E-10 0.7190
    1.1100E+01   1.34229E-09 0.4631
    1.1200E+01   6.65101E-10 0.5903
    1.1300E+01   3.29459E-10 1.0000
    1.1400E+01   2.87590E-10 1.0000
    1.1500E+01   1.99959E-09 0.4032
    1.1600E+01   1.02038E-09 0.5277
    1.1700E+01   2.06942E-10 1.0000
    1.1800E+01   5.61535E-10 0.7254
    1.1900E+01   4.32217E-10 0.9208
    1.2000E+01   5.96823E-10 0.7268
    1.2100E+01   8.25192E-10 0.5980
    1.2200E+01   1.13079E-10 1.0000
    1.2300E+01   0.00000E+00 0.0000
    1.2400E+01   3.03128E-10 1.0000
    1.2500E+01   5.52089E-10 0.7087
    1.2600E+01   7.14224E-10 0.6027
    1.2700E+01   6.08555E-10 0.7277
    1.2800E+01   9.28085E-10 0.5952
    1.2900E+01   0.00000E+00 0.0000
    1.3000E+01   0.00000E+00 0.0000
    1.3100E+01   0.00000E+00 0.0000
    1.3200E+01   2.24745E-10 0.7148
    1.3300E+01   4.96762E-10 0.7822
    1.3400E+01   4.06067E-10 1.0000
    1.3500E+01   2.99683E-10 1.0000
    1.3600E+01   3.23204E-10 1.0000
    1.3700E+01   0.00000E+00 0.0000
    1.3800E+01   9.24737E-10 0.5018
    1.3900E+01   3.58363E-10 1.0000
    1.4000E+01   9.03228E-10 0.5850
    1.4100E+01   3.65244E-10 0.7873
      total      7.22061E-06 0.0066
