$SPEC_ID:
PuBe neutron source, 3 blocks of wax w/ Cd foil and Po210
$SPEC_REM:
DET# 2
DETDESC# LISe Broadface + CR110 @ 200V @ 400x @ 0.5us
AP# GammaVision Version 6.09
$DATE_MEA:
04/11/2017 18:16:44
$MEAS_TIM:
60 117
$DATA:
0 1023
       0
       0
       0
       0
       0
       0
       0
       0
       0
       8
    1351
    1363
    1427
    1464
    1393
    1218
    1040
     887
     740
     642
     683
     744
    1228
    1659
    2030
    2164
    2262
    2229
    2225
    2337
    2202
    2375
    2288
    2308
    2246
    2210
    2141
    2162
    1936
    1964
    2003
    1968
    1912
    1973
    1768
    1882
    1832
    1822
    1758
    1791
    1732
    1685
    1710
    1646
    1612
    1591
    1541
    1537
    1506
    1533
    1495
    1479
    1361
    1426
    1409
    1357
    1369
    1363
    1279
    1342
    1335
    1301
    1384
    1543
    1645
    1844
    1929
    1928
    2076
    2105
    2077
    2158
    2021
    2105
    2148
    2168
    2271
    2286
    2504
    2618
    2768
    3208
    4110
    6089
    9445
   14158
   19061
   21627
   21206
   17008
   11496
    7245
    4895
    3661
    2728
    1859
    1155
     660
     429
     400
     362
     339
     315
     333
     334
     348
     334
     302
     324
     325
     340
     297
     350
     356
     344
     336
     335
     370
     325
     363
     362
     373
     355
     368
     347
     383
     329
     316
     352
     326
     312
     296
     329
     308
     275
     259
     249
     266
     237
     278
     226
     269
     247
     259
     269
     250
     226
     217
     252
     224
     218
     246
     220
     221
     197
     227
     225
     228
     223
     215
     229
     252
     213
     216
     208
     235
     193
     207
     214
     218
     200
     204
     213
     214
     227
     206
     207
     213
     225
     212
     231
     228
     259
     257
     253
     250
     224
     173
     136
     107
      86
      76
      66
      47
      30
      29
      28
      27
      24
      23
      27
      16
      22
      23
      27
      12
      23
      22
      17
      22
      17
      20
      15
      14
      19
      13
      15
      19
      18
      17
       9
      14
      21
      11
      14
      17
      11
      17
      10
      11
      11
       9
      11
       7
      12
       8
       9
       7
      11
      10
       4
       7
      10
      11
       9
       5
      11
       3
       8
       6
       6
       9
       9
       8
       8
       5
       4
       4
       2
       7
       5
       7
       4
       5
       4
       8
       3
      10
       2
       4
       3
       5
       5
       4
       1
       3
       3
       3
       6
       7
       3
       3
       1
       1
       4
       1
       3
       2
       0
       0
       0
       0
       1
       2
       0
       1
       0
       0
       1
       1
       0
       0
       1
       0
       1
       1
       1
       0
       0
       0
       1
       0
       0
       0
       0
       2
       0
       0
       1
       0
       2
       0
       0
       0
       1
       0
       0
       0
       1
       0
       0
       0
       0
       2
       0
       0
       0
       1
       0
       3
       0
       0
       0
       0
       1
       0
       1
       0
       0
       0
       0
       0
       0
       0
       0
       0
       0
       0
       1
       0
       0
       0
       0
       0
       0
       0
       0
       1
       0
       0
       0
       0
       0
       0
       0
       0
       0
       0
       0
       0
       0
       0
       0
       0
       1
       0
       0
       1
       0
       0
       0
       1
       0
       0
       0
       0
       0
       0
       0
       1
       0
       0
       0
       0
       0
       0
       0
       0
       0
       0
       0
       0
       0
       0
       0
       0
       0
       0
       0
       0
       0
       0
       0
       0
       0
       0
       0
       0
       0
       0
       0
       0
       0
       0
       0
       0
       0
       0
       0
       0
       0
       0
       0
       0
       0
       0
       0
       0
       1
       0
       0
       0
       0
       0
       0
       0
       0
       0
       0
       0
       0
       0
       0
       0
       0
       0
       0
       0
       0
       0
       0
       0
       0
       0
       0
       0
       0
       0
       0
       0
       0
       0
       0
       0
       0
       0
       0
       0
       0
       0
       0
       0
       0
       0
       0
       0
       0
       0
       0
       0
       0
       0
       0
       0
       0
       0
       0
       0
       0
       0
       0
       0
       0
       0
       0
       0
       0
       0
       0
       0
       0
       0
       0
       0
       0
       0
       0
       0
       0
       0
       0
       0
       0
       0
       0
       0
       0
       0
       0
       0
       0
       0
       0
       0
       0
       0
       0
       0
       0
       0
       0
       0
       0
       0
       0
       0
       0
       0
       0
       0
       0
       0
       0
       0
       0
       0
       0
       0
       0
       0
       0
       0
       0
       0
       0
       0
       0
       0
       0
       0
       0
       0
       0
       0
       0
       0
       0
       0
       0
       0
       0
       0
       0
       0
       0
       0
       0
       0
       0
       0
       0
       0
       0
       0
       0
       0
       0
       0
       0
       0
       0
       0
       0
       0
       0
       0
       0
       0
       0
       0
       0
       0
       0
       0
       0
       0
       0
       0
       0
       0
       0
       0
       0
       0
       0
       0
       0
       0
       0
       0
       0
       0
       0
       0
       0
       0
       0
       0
       0
       0
       0
       0
       0
       0
       0
       0
       0
       0
       0
       0
       0
       0
       0
       0
       0
       0
       0
       0
       0
       0
       0
       0
       0
       0
       0
       0
       0
       0
       0
       0
       0
       0
       0
       0
       0
       0
       0
       0
       0
       0
       0
       0
       0
       0
       0
       0
       0
       0
       0
       0
       0
       0
       0
       0
       0
       0
       0
       0
       0
       0
       0
       0
       0
       0
       0
       0
       0
       0
       0
       0
       0
       0
       0
       0
       0
       0
       0
       0
       0
       0
       0
       0
       0
       0
       0
       0
       0
       0
       0
       0
       0
       0
       0
       0
       0
       0
       0
       0
       0
       0
       0
       0
       0
       0
       0
       0
       0
       0
       0
       0
       0
       0
       0
       0
       0
       0
       0
       0
       0
       0
       0
       0
       0
       0
       0
       0
       0
       0
       0
       0
       0
       0
       0
       0
       0
       0
       0
       0
       0
       0
       0
       0
       0
       0
       0
       0
       0
       0
       0
       0
       0
       0
       0
       0
       0
       0
       0
       0
       0
       0
       0
       0
       0
       0
       0
       0
       0
       0
       0
       0
       0
       0
       0
       0
       0
       0
       0
       0
       0
       0
       0
       0
       0
       0
       0
       0
       0
       0
       0
       0
       0
       0
       0
       0
       0
       0
       0
       0
       0
       0
       1
       0
       0
       0
       0
       0
       0
       0
       0
       0
       0
       0
       0
       0
       0
       0
       0
       0
       0
       0
       0
       0
       0
       0
       0
       0
       0
       0
       0
       0
       0
       0
       0
       0
       0
       0
       0
       0
       0
       0
       0
       0
       0
       0
       0
       0
       0
       0
       0
       0
       0
       0
       0
       0
       0
       0
       0
       0
       0
       0
       0
       0
       0
       0
       0
       0
       0
       0
       0
       0
       0
       0
       0
       0
       0
       0
       0
       0
       0
       0
       0
       0
       0
       0
       0
       0
       0
       0
       0
       0
       0
       0
       0
       0
       0
       0
       0
       0
       0
       0
       0
       0
       0
       0
       0
       0
       0
       0
       0
       0
       0
       0
       0
       0
       0
       0
       0
       0
       0
       0
       0
       0
       0
       0
       0
       0
       0
       0
       0
       0
       0
       0
       0
       0
       0
       0
       0
       0
       0
       0
       0
       0
       0
       0
       0
       0
       0
       0
       0
       0
       0
       0
       0
       0
       0
       0
       0
       0
       0
       0
       0
       0
       0
       0
$ROI:
0
$PRESETS:
Live Time
60
0
$ENER_FIT:
0.000000 0.000000
$MCA_CAL:
3
0.000000E+000 0.000000E+000 0.000000E+000 
$SHAPE_CAL:
3
0.000000E+000 0.000000E+000 0.000000E+000
