$SPEC_ID:
PuBe neutron source, 3 blocks of wax w/ Cd foil and Po210
$SPEC_REM:
DET# 2
DETDESC# LISe Broadface + CR110 @ 200V @ 400x @ 0.5us
AP# GammaVision Version 6.09
$DATE_MEA:
04/11/2017 18:15:18
$MEAS_TIM:
60 68
$DATA:
0 1023
       0
       0
       0
       0
       0
       0
       0
       0
       0
       0
    7150
    4946
    2896
    1986
    1645
    1395
    1228
    1144
    1105
    1099
    1265
    1504
    1836
    2112
    2356
    2673
    2597
    2595
    2606
    2512
    2553
    2499
    2511
    2448
    2427
    2361
    2338
    2247
    2292
    2165
    2157
    2022
    2024
    2011
    2036
    2062
    2093
    1895
    1800
    1801
    1753
    1859
    1669
    1688
    1714
    1727
    1636
    1607
    1513
    1566
    1555
    1492
    1458
    1558
    1503
    1503
    1572
    1677
    1884
    1985
    2097
    2154
    2274
    2329
    2299
    2411
    2400
    2397
    2439
    2485
    2586
    2722
    2987
    3454
    4128
    5456
    7268
   10017
   12918
   15409
   17697
   18253
   16727
   14090
   10537
    7151
    4581
    2665
    1590
     981
     636
     426
     242
     182
     167
     133
     132
     110
     128
     121
     127
     108
     108
     122
     122
     124
     117
     125
     115
     145
     144
     114
     135
     127
     133
     130
     120
     109
     100
     100
     115
     101
      93
     107
     100
     101
      90
      83
      87
      88
      97
      88
      66
      73
      91
      84
      74
      70
      82
      56
      83
      88
      72
      74
      76
      55
      69
      66
      66
      62
      77
      76
      55
      67
      61
      71
      77
      66
      67
      60
      70
      85
      48
      70
      86
      66
      62
      65
      79
      68
      63
      66
      58
      55
      44
      44
      24
      21
      17
       9
       9
       4
       3
       4
       2
       2
       1
       3
       1
       0
       2
       5
       2
       2
       2
       3
       1
       0
       1
       2
       4
       3
       3
       1
       2
       1
       0
       2
       2
       1
       3
       3
       0
       1
       0
       1
       0
       0
       1
       1
       3
       2
       1
       1
       1
       0
       1
       0
       1
       0
       2
       0
       1
       0
       1
       0
       0
       0
       0
       1
       0
       0
       3
       1
       0
       1
       1
       1
       1
       0
       0
       0
       1
       1
       1
       0
       1
       0
       1
       1
       0
       0
       1
       0
       0
       0
       0
       0
       0
       0
       0
       0
       0
       0
       1
       0
       0
       1
       0
       0
       0
       0
       0
       0
       0
       0
       0
       0
       0
       0
       0
       0
       0
       0
       0
       0
       0
       0
       0
       0
       0
       0
       0
       1
       0
       0
       0
       0
       0
       0
       0
       0
       0
       0
       0
       0
       0
       0
       0
       0
       0
       0
       0
       0
       0
       0
       0
       0
       0
       0
       0
       0
       0
       0
       0
       0
       0
       0
       0
       0
       1
       0
       0
       0
       0
       0
       0
       0
       0
       0
       0
       0
       0
       0
       0
       0
       0
       0
       0
       0
       0
       0
       0
       0
       0
       0
       0
       0
       0
       0
       0
       0
       0
       0
       0
       0
       0
       0
       0
       0
       0
       0
       0
       0
       0
       0
       0
       0
       0
       0
       0
       0
       0
       0
       0
       0
       0
       0
       0
       0
       0
       0
       0
       0
       0
       0
       0
       0
       0
       0
       0
       0
       0
       0
       0
       0
       0
       0
       0
       0
       0
       0
       0
       0
       0
       0
       0
       0
       0
       0
       0
       0
       0
       0
       0
       0
       0
       0
       0
       0
       0
       0
       0
       0
       0
       0
       0
       0
       0
       0
       0
       0
       0
       0
       0
       0
       0
       0
       0
       0
       0
       0
       0
       0
       0
       0
       0
       0
       0
       0
       0
       0
       0
       0
       0
       0
       0
       0
       0
       0
       0
       0
       0
       0
       0
       0
       0
       0
       0
       0
       0
       0
       0
       0
       0
       0
       0
       0
       0
       0
       0
       0
       0
       0
       0
       0
       0
       0
       0
       0
       0
       0
       0
       0
       0
       0
       0
       0
       0
       0
       0
       0
       0
       0
       0
       0
       0
       0
       0
       0
       0
       0
       0
       0
       0
       0
       0
       0
       0
       0
       0
       0
       0
       0
       0
       0
       0
       0
       0
       0
       0
       0
       0
       0
       0
       0
       0
       0
       0
       0
       0
       0
       0
       0
       0
       0
       0
       0
       0
       0
       0
       0
       0
       0
       0
       0
       0
       0
       0
       0
       0
       0
       0
       0
       0
       0
       0
       0
       0
       0
       0
       0
       0
       0
       0
       0
       0
       0
       0
       0
       0
       0
       0
       0
       0
       0
       0
       0
       0
       0
       0
       0
       0
       0
       0
       0
       0
       0
       0
       0
       0
       0
       0
       0
       0
       0
       0
       0
       0
       0
       0
       0
       0
       0
       0
       0
       0
       0
       0
       0
       0
       0
       0
       0
       0
       0
       0
       0
       0
       0
       0
       0
       0
       0
       0
       0
       0
       0
       0
       0
       0
       0
       0
       0
       0
       0
       0
       0
       0
       0
       0
       0
       0
       0
       0
       0
       0
       0
       0
       0
       0
       0
       0
       0
       0
       0
       0
       0
       0
       0
       0
       0
       0
       0
       0
       0
       0
       0
       0
       0
       0
       0
       0
       0
       0
       0
       0
       0
       0
       0
       0
       0
       0
       0
       0
       0
       0
       0
       0
       0
       0
       0
       0
       0
       0
       0
       0
       0
       0
       0
       0
       0
       0
       0
       0
       0
       0
       0
       0
       0
       0
       0
       0
       0
       0
       0
       0
       0
       0
       0
       0
       0
       0
       0
       0
       0
       0
       0
       0
       0
       0
       0
       0
       0
       0
       0
       0
       0
       0
       0
       0
       0
       0
       0
       0
       0
       0
       0
       0
       0
       0
       0
       0
       0
       0
       0
       0
       0
       0
       0
       0
       0
       0
       0
       0
       0
       0
       0
       0
       0
       0
       0
       0
       0
       0
       0
       0
       0
       0
       0
       0
       0
       0
       0
       0
       0
       0
       0
       0
       0
       0
       0
       0
       0
       0
       0
       0
       0
       0
       0
       0
       0
       0
       0
       0
       0
       0
       0
       0
       0
       0
       0
       0
       0
       0
       0
       0
       0
       0
       0
       0
       0
       0
       0
       0
       0
       0
       0
       0
       0
       0
       0
       0
       0
       0
       0
       0
       0
       0
       0
       0
       0
       0
       0
       0
       0
       0
       0
       0
       0
       0
       0
       0
       0
       0
       0
       0
       0
       0
       0
       0
       0
       0
       0
       0
       0
       0
       0
       0
       0
       0
       0
       0
       0
       0
       0
       0
       0
       0
       0
       0
       0
       0
       0
       0
       0
       0
       0
       0
       0
       0
       0
       0
       0
       0
       0
       0
       0
       0
       0
       0
       0
       0
       0
       0
       0
       0
       0
       0
       0
       0
       0
       0
       0
       0
       0
       0
       0
       0
       0
       0
       0
       0
       0
       0
       0
       0
       0
       0
       0
       0
       0
       0
       0
       0
       0
       0
       0
       0
       0
       0
       0
       0
       0
       0
       0
       0
       0
       0
       0
       0
       0
       0
       0
       0
       0
       0
       0
       0
       0
       0
       0
       0
       0
       0
       0
       0
       0
       0
       0
       0
       0
       0
       0
       0
       0
       0
       0
       0
       0
       0
       0
       0
       0
$ROI:
0
$PRESETS:
Live Time
60
0
$ENER_FIT:
0.000000 0.000000
$MCA_CAL:
3
0.000000E+000 0.000000E+000 0.000000E+000 
$SHAPE_CAL:
3
0.000000E+000 0.000000E+000 0.000000E+000
