$SPEC_ID:
HPGe
$SPEC_REM:
DET# 3
DETDESC# 927 SN 13239381 Input 1
AP# Maestro Version 7.01
$DATE_MEA:
04/06/2017 19:51:53
$MEAS_TIM:
300 315
$DATA:
0 1023
       0
       0
       0
       0
       0
       0
       0
       0
       0
       0
       0
       0
       0
       0
       0
       0
       0
       0
       0
    1538
    7992
    7530
    6938
    6437
    5513
    4864
    4189
    3589
    3003
    2501
    2265
    2150
    1889
    1892
    1811
    1880
    1802
    1821
    1895
    1961
    1961
    2003
    2077
    2181
    2320
    2564
    2801
    3340
    3686
    4275
    4760
    5116
    5490
    5622
    5422
    5328
    4893
    4265
    3770
    3158
    2490
    2015
    1550
    1234
    1014
     873
     773
     705
     600
     626
     590
     608
     562
     500
     577
     543
     588
     613
     589
     528
     569
     561
     576
     591
     599
     592
     568
     606
     611
     678
     654
     647
     743
     743
     713
     759
     773
     751
     790
     862
     918
     880
     877
     900
     924
     885
     927
     879
     841
     846
     813
     805
     812
     744
     745
     625
     626
     542
     577
     566
     543
     495
     521
     510
     487
     486
     456
     431
     410
     389
     413
     417
     406
     379
     399
     365
     325
     368
     323
     288
     293
     276
     298
     293
     292
     270
     270
     255
     253
     219
     235
     212
     225
     243
     197
     184
     189
     194
     214
     199
     160
     193
     144
     177
     174
     145
     161
     164
     182
     172
     196
     204
     199
     206
     194
     223
     262
     245
     308
     320
     345
     326
     389
     405
     466
     506
     482
     477
     457
     526
     499
     480
     473
     459
     445
     506
     480
     548
     612
     630
     639
     707
     668
     743
     755
     789
     715
     689
     661
     642
     529
     456
     460
     376
     273
     272
     235
     229
     210
     211
     201
     218
     241
     277
     293
     336
     372
     415
     513
     579
     696
     733
     819
     907
    1039
    1156
    1290
    1349
    1425
    1468
    1609
    1547
    1530
    1536
    1440
    1403
    1222
    1117
     949
     821
     671
     562
     459
     370
     301
     271
     256
     265
     228
     251
     215
     220
     214
     184
     192
     158
     152
     141
     118
     100
      72
      46
      45
      47
      34
      27
      29
      19
      27
      13
      26
      18
      17
      13
      13
      17
      17
      20
      18
      13
      14
      12
      16
      21
      18
      16
      16
      17
      17
       9
      13
      10
       6
       8
      10
      13
      14
       7
       7
      12
       4
       5
      10
      10
       6
       7
       5
      12
       6
       8
       8
       4
       7
       8
       6
      12
       5
       4
       6
       2
       8
       6
       5
       4
       0
       5
       6
       6
       3
       9
       7
       7
       3
       4
       7
       8
       4
       4
       7
       3
       9
       7
       3
       7
       7
       2
       2
       4
       6
       8
       3
       6
       6
       4
       5
       5
       8
       3
       3
       3
       5
       3
       4
       4
       6
       3
       4
       4
       4
       1
       2
       2
       5
       9
       3
       3
       5
       2
       1
       1
       3
       5
       4
       4
       3
       2
       1
       2
       5
       0
       2
       2
       2
       3
       3
       4
       2
       2
       3
       2
       5
       4
       1
       6
       5
       2
       0
       3
       2
       2
       4
       2
       4
       1
       3
       1
       2
       1
       3
       7
       2
       5
       2
       2
       3
       6
       1
       5
       3
       0
       3
       2
       1
       5
       4
       4
       3
       5
       2
       1
       3
       1
       3
       1
       5
       1
       4
       1
       1
       2
       0
       3
       1
       1
       0
       0
       2
       1
       2
       0
       0
       0
       1
       3
       0
       2
       1
       2
       0
       0
       2
       0
       2
       1
       0
       1
       2
       0
       1
       1
       0
       1
       1
       1
       0
       0
       0
       0
       0
       0
       1
       3
       2
       0
       0
       1
       1
       0
       1
       0
       0
       0
       1
       0
       0
       0
       0
       0
       0
       2
       0
       0
       0
       0
       0
       0
       0
       0
       0
       0
       0
       0
       0
       0
       0
       0
       0
       0
       1
       0
       2
       2
       1
       0
       0
       1
       1
       0
       0
       2
       0
       1
       1
       0
       0
       0
       0
       1
       0
       1
       1
       1
       0
       1
       1
       0
       0
       1
       0
       0
       1
       0
       0
       0
       1
       0
       0
       0
       0
       1
       0
       0
       0
       0
       0
       0
       0
       1
       0
       0
       0
       0
       1
       1
       0
       0
       0
       0
       0
       0
       0
       0
       0
       1
       0
       0
       0
       1
       0
       0
       0
       0
       0
       0
       1
       0
       1
       0
       0
       0
       0
       0
       0
       0
       0
       0
       0
       0
       0
       0
       0
       0
       0
       0
       0
       0
       0
       0
       0
       0
       0
       0
       0
       0
       0
       0
       0
       0
       0
       0
       0
       0
       2
       1
       0
       0
       0
       0
       1
       0
       0
       0
       0
       0
       0
       0
       0
       0
       0
       0
       1
       0
       0
       0
       1
       0
       0
       0
       0
       1
       0
       1
       0
       0
       1
       0
       0
       0
       1
       0
       0
       0
       0
       0
       0
       0
       0
       0
       0
       0
       0
       0
       0
       0
       0
       0
       0
       0
       0
       0
       0
       0
       0
       0
       0
       0
       0
       0
       0
       1
       0
       0
       0
       1
       1
       0
       0
       0
       0
       0
       0
       0
       0
       0
       0
       0
       0
       0
       0
       0
       0
       0
       0
       0
       1
       0
       0
       0
       0
       0
       0
       0
       0
       0
       0
       0
       0
       0
       0
       0
       0
       1
       0
       0
       0
       1
       0
       0
       0
       0
       0
       0
       0
       0
       0
       0
       0
       0
       0
       0
       0
       0
       0
       1
       0
       0
       0
       0
       0
       0
       0
       0
       0
       0
       0
       0
       0
       0
       0
       0
       0
       0
       1
       0
       0
       2
       0
       0
       0
       0
       0
       1
       0
       0
       0
       0
       1
       0
       0
       0
       0
       0
       0
       0
       0
       0
       1
       0
       0
       0
       0
       0
       0
       0
       0
       0
       0
       0
       0
       1
       0
       0
       0
       0
       0
       0
       0
       0
       0
       0
       0
       0
       0
       2
       0
       0
       0
       1
       0
       1
       0
       0
       1
       0
       0
       1
       0
       0
       0
       0
       0
       0
       0
       0
       0
       0
       0
       0
       0
       0
       0
       0
       0
       0
       0
       0
       0
       0
       1
       0
       0
       0
       0
       0
       0
       0
       0
       0
       1
       0
       0
       0
       0
       0
       0
       0
       0
       0
       0
       1
       0
       0
       0
       0
       0
       0
       0
       0
       0
       0
       0
       0
       0
       1
       0
       0
       0
       0
       0
       0
       0
       0
       0
       0
       0
       0
       0
       0
       0
       1
       0
       0
       0
       0
       0
       0
       0
       0
       0
       0
       0
       0
       0
       0
       0
       0
       0
       0
       0
       0
       0
       0
       0
       0
       0
       0
       0
       0
       0
       0
       0
       0
       0
       0
       0
       0
       0
       0
       1
       0
       1
       0
       1
       0
       0
       0
       1
       0
       0
       0
       0
       0
       0
       0
       0
       1
       0
       0
       1
       1
       0
       0
       0
       0
       0
       0
       0
       0
       0
       0
       0
       0
       0
       0
       0
       0
       0
       0
       0
       0
       0
       0
       0
       0
$ROI:
0
$PRESETS:
Live Time
300
0
$ENER_FIT:
0.000000 0.000000
$MCA_CAL:
3
0.000000E+000 0.000000E+000 0.000000E+000 
$SHAPE_CAL:
3
0.000000E+000 0.000000E+000 0.000000E+000
