$SPEC_ID:
HPGe
$SPEC_REM:
DET# 3
DETDESC# 927 SN 13239381 Input 1
AP# Maestro Version 7.01
$DATE_MEA:
04/06/2017 19:27:35
$MEAS_TIM:
600 600
$DATA:
0 1023
       0
       0
       0
       0
       0
       0
       0
       0
       0
       0
       0
       0
       0
       0
       0
       0
       0
       0
       0
      63
     242
     197
     141
     118
     117
     106
      97
     102
      82
      72
      68
      48
      47
      44
      46
      47
      50
      41
      32
      39
      37
      37
      33
      40
      28
      36
      28
      40
      30
      37
      27
      37
      33
      34
      26
      30
      29
      33
      38
      37
      35
      36
      30
      34
      31
      34
      35
      32
      33
      48
      23
      36
      32
      21
      31
      28
      35
      31
      29
      36
      31
      37
      43
      31
      29
      29
      33
      25
      30
      24
      33
      24
      19
      21
      27
      28
      21
      20
      24
      18
      23
      23
      14
      31
      21
      21
      15
      14
      14
      20
      22
      26
      21
      20
      17
      21
      20
      10
      18
      14
      14
      18
      21
      16
      24
      14
       7
      13
      18
      15
      14
       9
      19
       8
      12
      11
       4
      13
       9
      14
      11
      10
      10
      14
      16
       4
      16
      10
       9
       9
      11
       9
       7
       6
      12
      10
      12
      10
      10
       5
      11
       6
       7
      11
      10
       2
       7
      12
       6
       7
       7
       7
       6
       8
       7
       5
       6
       6
       8
       8
      11
       5
       4
       6
      10
       3
       6
       5
      11
       4
       5
       2
       4
       4
       2
       5
       4
       8
       5
       3
       4
       4
       5
       3
       3
       4
       1
       4
       7
       6
       5
       3
       4
       5
       3
       7
       2
       6
       0
       3
       2
       2
       4
       2
       7
       3
       3
       0
       5
       3
       2
       4
       4
       4
       2
       5
       3
       4
       5
       3
       1
       3
       4
       3
       3
       4
       1
       2
       4
       3
       4
       2
       0
       2
       2
       2
       1
       2
       1
       0
       0
       3
       0
       1
       4
       3
       3
       2
       1
       4
       1
       1
       1
       1
       2
       0
       2
       0
       2
       2
       1
       0
       1
       2
       4
       3
       1
       3
       2
       0
       1
       1
       3
       0
       1
       2
       2
       2
       1
       5
       0
       1
       1
       1
       0
       1
       3
       0
       2
       1
       0
       1
       3
       2
       1
       1
       3
       2
       2
       2
       0
       0
       3
       2
       0
       0
       0
       1
       2
       3
       2
       1
       2
       0
       0
       3
       0
       2
       0
       1
       2
       1
       3
       2
       2
       1
       2
       2
       0
       0
       1
       2
       2
       0
       0
       3
       2
       1
       1
       0
       4
       1
       0
       2
       1
       1
       0
       2
       2
       1
       2
       0
       0
       1
       0
       0
       1
       0
       0
       2
       2
       2
       0
       1
       1
       2
       1
       1
       3
       1
       1
       0
       1
       0
       3
       1
       2
       0
       0
       1
       0
       0
       0
       0
       0
       2
       1
       1
       2
       1
       0
       0
       0
       1
       1
       0
       2
       2
       2
       0
       1
       1
       1
       1
       0
       1
       0
       2
       2
       0
       1
       1
       0
       2
       2
       2
       2
       1
       2
       1
       0
       2
       0
       1
       1
       0
       1
       0
       0
       1
       1
       1
       1
       0
       0
       1
       1
       2
       0
       1
       3
       1
       0
       0
       0
       0
       1
       0
       1
       0
       0
       0
       0
       2
       3
       0
       1
       0
       1
       2
       0
       0
       1
       0
       0
       0
       0
       1
       1
       0
       0
       0
       2
       0
       1
       0
       0
       0
       3
       1
       1
       2
       1
       0
       0
       0
       0
       0
       0
       0
       0
       0
       0
       0
       0
       0
       1
       1
       1
       0
       0
       0
       2
       0
       0
       1
       2
       1
       1
       0
       0
       0
       0
       0
       1
       0
       0
       0
       0
       2
       0
       0
       0
       0
       0
       0
       1
       0
       0
       0
       0
       0
       0
       1
       0
       0
       0
       0
       0
       1
       0
       0
       1
       1
       0
       0
       0
       0
       0
       2
       0
       0
       0
       1
       1
       1
       1
       0
       0
       1
       1
       1
       2
       0
       0
       0
       0
       1
       0
       0
       0
       0
       2
       0
       0
       0
       1
       1
       1
       0
       0
       0
       0
       0
       0
       0
       0
       1
       0
       2
       0
       0
       1
       2
       0
       1
       2
       0
       0
       0
       0
       0
       0
       1
       0
       0
       0
       0
       1
       1
       0
       0
       0
       1
       0
       0
       0
       0
       0
       0
       0
       1
       0
       0
       1
       0
       0
       1
       1
       1
       0
       1
       0
       0
       0
       0
       1
       1
       0
       0
       1
       0
       0
       0
       0
       0
       0
       0
       0
       0
       0
       0
       2
       0
       0
       0
       0
       0
       0
       0
       0
       1
       0
       2
       0
       1
       0
       0
       0
       1
       0
       0
       0
       0
       0
       2
       0
       0
       0
       0
       0
       0
       0
       0
       1
       0
       1
       0
       0
       0
       0
       0
       0
       1
       0
       0
       0
       0
       0
       0
       0
       0
       2
       0
       3
       0
       0
       0
       0
       0
       0
       0
       0
       0
       0
       0
       0
       0
       0
       1
       0
       0
       0
       0
       0
       1
       0
       1
       0
       0
       0
       0
       0
       0
       0
       1
       1
       1
       0
       0
       0
       0
       0
       0
       0
       0
       0
       0
       0
       0
       0
       0
       0
       1
       0
       1
       0
       0
       0
       0
       0
       0
       0
       0
       1
       1
       1
       0
       1
       0
       0
       1
       0
       1
       0
       0
       1
       0
       0
       1
       2
       0
       1
       0
       0
       1
       0
       0
       0
       1
       0
       0
       1
       0
       0
       0
       0
       0
       0
       0
       1
       0
       0
       0
       0
       0
       0
       1
       1
       0
       0
       1
       0
       0
       0
       0
       1
       0
       1
       0
       0
       0
       0
       1
       0
       0
       1
       1
       0
       0
       0
       0
       0
       0
       1
       1
       0
       0
       0
       1
       0
       0
       0
       0
       0
       0
       0
       0
       0
       0
       1
       0
       0
       0
       0
       0
       0
       0
       0
       0
       0
       2
       0
       1
       1
       1
       0
       0
       0
       1
       0
       0
       0
       0
       0
       0
       0
       0
       0
       0
       0
       0
       0
       1
       1
       0
       0
       1
       0
       0
       1
       0
       0
       0
       0
       0
       0
       1
       0
       1
       0
       1
       0
       1
       0
       0
       0
       0
       1
       0
       0
       0
       1
       0
       0
       0
       0
       0
       0
       0
       0
       0
       0
       0
       0
       1
       0
       0
       0
       0
       0
       0
       0
       0
       0
       0
       0
       0
       1
       2
       0
       0
       0
       1
       0
       0
       0
       0
       0
       0
       0
       0
       0
       0
       0
       0
       0
       1
       0
       0
       1
       0
       0
       0
       0
       0
       0
       0
       0
       0
       0
       0
       0
       0
       0
       0
       0
       0
       0
       0
       0
       0
       1
       0
       0
       0
       0
       0
       0
       0
       0
       0
       0
       0
       0
       0
       0
       0
       0
       0
       0
       0
       0
       0
$ROI:
0
$PRESETS:
Live Time
600
0
$ENER_FIT:
0.000000 0.000000
$MCA_CAL:
3
0.000000E+000 0.000000E+000 0.000000E+000 
$SHAPE_CAL:
3
0.000000E+000 0.000000E+000 0.000000E+000
