$SPEC_ID:
HPGe
$SPEC_REM:
DET# 3
DETDESC# 927 SN 13239381 Input 1
AP# Maestro Version 7.01
$DATE_MEA:
04/06/2017 20:15:02
$MEAS_TIM:
300 300
$DATA:
0 1023
       0
       0
       0
       0
       0
       0
       0
       0
       0
       0
       0
       0
       0
       0
       0
       0
       0
       0
       0
     174
     754
     523
     363
     261
     163
     135
      89
      73
      67
      47
      53
      41
      37
      26
      32
      35
      27
      26
      23
      38
      20
      23
      28
      25
      26
      32
      35
      38
      35
      33
      38
      48
      56
      77
      91
     110
     105
     134
     136
     145
     145
     129
      97
     107
      79
      53
      53
      31
      38
      24
      21
      13
      21
      11
      20
      17
      19
      20
      13
       9
      14
      15
      18
      18
      18
      13
      11
      20
      12
      13
      18
      17
      15
       9
      15
       8
       8
       9
      27
       7
       9
      17
       4
      13
       8
      15
      13
      13
       3
      13
       8
       7
       9
      13
       8
       8
      11
       7
      13
       7
       4
       9
      10
       6
      11
      15
      14
       3
       3
       5
       5
       7
       6
       4
       5
       6
       3
      10
       5
       9
       5
       6
       6
       6
       7
       6
       3
       7
       6
       4
       8
       3
       8
       7
       8
       3
       4
       4
       6
       4
       6
       3
       4
       5
       4
       3
       3
       3
       5
       3
       2
       1
       1
       5
       6
       3
       5
       4
       2
       4
       3
       1
       4
       1
       2
       1
       1
       2
       0
       1
       0
       2
       3
       4
       6
       3
       2
       1
       0
       4
       0
       1
       3
       1
       3
       3
       6
       1
       2
       0
       0
       0
       1
       3
       3
       1
       3
       2
       2
       1
       3
       0
       1
       1
       1
       1
       0
       2
       1
       1
       2
       1
       1
       3
       1
       0
       3
       0
       0
       2
       2
       3
       1
       3
       0
       1
       2
       1
       0
       0
       2
       0
       1
       1
       1
       1
       0
       3
       0
       0
       1
       0
       0
       3
       2
       0
       0
       0
       0
       2
       0
       1
       1
       1
       1
       0
       0
       0
       0
       1
       3
       1
       0
       1
       0
       2
       0
       2
       0
       1
       1
       1
       1
       0
       0
       2
       3
       2
       1
       1
       0
       0
       0
       1
       1
       1
       0
       0
       1
       0
       0
       1
       1
       1
       0
       2
       0
       0
       0
       1
       2
       2
       0
       0
       0
       1
       0
       0
       1
       0
       0
       2
       0
       1
       1
       0
       0
       2
       0
       1
       1
       0
       0
       0
       0
       0
       1
       1
       0
       0
       0
       3
       1
       0
       0
       0
       0
       1
       0
       1
       0
       0
       1
       1
       0
       0
       0
       0
       0
       2
       0
       0
       0
       0
       0
       0
       0
       1
       0
       1
       1
       0
       1
       1
       1
       3
       0
       0
       0
       1
       0
       0
       1
       0
       0
       2
       0
       1
       0
       0
       1
       2
       0
       1
       0
       0
       1
       0
       2
       1
       0
       0
       0
       0
       0
       1
       0
       0
       0
       0
       1
       0
       1
       0
       0
       0
       0
       0
       0
       0
       0
       1
       1
       0
       1
       0
       1
       0
       0
       0
       0
       1
       3
       1
       0
       0
       0
       0
       1
       1
       0
       2
       0
       0
       0
       0
       0
       0
       2
       0
       2
       0
       0
       0
       1
       0
       0
       0
       1
       2
       0
       0
       0
       0
       0
       0
       3
       1
       0
       0
       0
       1
       0
       0
       0
       0
       0
       0
       1
       0
       0
       0
       1
       0
       0
       0
       0
       1
       0
       1
       1
       0
       0
       0
       0
       0
       1
       0
       0
       0
       0
       0
       0
       0
       0
       0
       0
       1
       0
       0
       0
       1
       1
       0
       0
       0
       0
       0
       0
       0
       0
       0
       0
       0
       1
       0
       0
       2
       1
       1
       0
       0
       0
       0
       0
       0
       1
       0
       1
       0
       0
       0
       0
       0
       1
       0
       0
       0
       1
       0
       0
       0
       0
       0
       0
       0
       0
       1
       0
       1
       0
       1
       2
       0
       0
       0
       0
       0
       1
       0
       0
       0
       0
       0
       1
       0
       0
       0
       1
       0
       0
       0
       0
       0
       2
       0
       0
       0
       0
       0
       0
       0
       0
       2
       0
       0
       1
       0
       0
       0
       0
       2
       0
       0
       0
       0
       1
       1
       0
       0
       0
       0
       0
       0
       0
       0
       0
       0
       0
       0
       0
       0
       0
       0
       0
       0
       0
       0
       2
       0
       0
       0
       0
       0
       0
       0
       0
       0
       0
       0
       1
       0
       0
       1
       0
       0
       0
       1
       0
       0
       0
       0
       0
       0
       0
       0
       0
       0
       0
       0
       0
       0
       0
       0
       0
       0
       1
       0
       0
       0
       0
       0
       0
       0
       0
       0
       0
       0
       0
       0
       0
       1
       0
       0
       0
       0
       0
       2
       0
       0
       0
       0
       0
       0
       0
       0
       0
       0
       0
       1
       0
       0
       0
       0
       1
       0
       0
       0
       0
       0
       0
       0
       0
       0
       0
       0
       0
       0
       0
       0
       0
       0
       1
       0
       0
       0
       0
       0
       0
       0
       0
       0
       0
       0
       0
       1
       1
       1
       0
       0
       0
       1
       0
       2
       0
       0
       0
       1
       0
       0
       0
       0
       0
       0
       0
       0
       0
       1
       1
       0
       0
       0
       0
       0
       0
       0
       0
       0
       0
       1
       0
       0
       0
       0
       0
       0
       0
       0
       1
       0
       0
       0
       0
       0
       0
       0
       0
       1
       0
       0
       0
       0
       0
       0
       0
       0
       0
       0
       0
       0
       1
       0
       0
       1
       0
       0
       0
       0
       0
       0
       0
       0
       0
       0
       1
       0
       0
       2
       0
       0
       0
       0
       0
       0
       0
       0
       0
       0
       0
       0
       0
       0
       0
       0
       1
       0
       0
       0
       0
       0
       0
       1
       0
       0
       0
       0
       0
       0
       0
       0
       0
       0
       0
       0
       0
       0
       0
       0
       0
       0
       0
       0
       0
       1
       0
       0
       0
       0
       0
       0
       0
       0
       0
       0
       0
       0
       0
       0
       0
       0
       0
       0
       1
       0
       1
       0
       0
       0
       1
       0
       0
       0
       0
       0
       0
       1
       0
       0
       0
       0
       0
       0
       0
       0
       0
       0
       1
       0
       0
       0
       1
       0
       0
       0
       0
       0
       0
       0
       0
       0
       1
       1
       0
       0
       0
       0
       0
       0
       0
       0
       1
       0
       0
       0
       0
       0
       0
       0
       0
       0
       0
       0
       1
       0
       0
       0
       0
       0
       2
       0
       1
       1
       0
       0
       0
       0
       0
       0
       0
       0
       0
       0
       0
       0
       0
       0
       0
       0
       0
       0
       1
       0
       1
       0
       0
       0
       0
       0
       0
       0
       0
       0
       0
       0
       0
       0
       1
       0
       0
       0
       0
       0
       0
       0
       0
       0
       0
       0
       0
       0
       0
       0
       0
       0
       0
       0
       0
       0
       0
       0
       0
       0
       0
       0
$ROI:
1
50 67
$PRESETS:
Live Time
300
0
$ENER_FIT:
0.000000 0.000000
$MCA_CAL:
3
0.000000E+000 0.000000E+000 0.000000E+000 
$SHAPE_CAL:
3
0.000000E+000 0.000000E+000 0.000000E+000
