$SPEC_ID:
HPGe
$SPEC_REM:
DET# 3
DETDESC# 927 SN 13239381 Input 1
AP# Maestro Version 7.01
$DATE_MEA:
04/06/2017 19:59:02
$MEAS_TIM:
300 302
$DATA:
0 1023
       0
       0
       0
       0
       0
       0
       0
       0
       0
       0
       0
       0
       0
       0
       0
       0
       0
       0
       0
     198
     771
     563
     450
     365
     281
     273
     236
     180
     157
     137
     121
     112
      89
      86
      85
      80
      83
      71
      83
      70
      65
      82
      72
      75
      84
      75
      90
     103
     102
     110
     127
     127
     125
     148
     179
     157
     185
     177
     221
     243
     225
     239
     202
     247
     236
     211
     212
     254
     215
     235
     271
     277
     326
     407
     448
     626
     758
    1027
    1217
    1423
    1571
    1777
    1875
    1905
    1799
    1696
    1405
    1260
    1143
     853
     706
     539
     460
     385
     302
     247
     174
     145
     137
     100
      65
      59
      41
      38
      20
      22
      16
      12
      15
      18
      11
      23
      17
      13
      14
      12
      15
      14
      13
       9
      11
       9
       8
      11
      16
      11
       9
      13
       7
      11
      11
       5
       6
      10
       3
       7
      10
       6
       6
       8
       6
       5
       9
       5
       5
       7
       7
       3
       6
       2
       1
       9
       4
       9
      11
       4
       3
       3
       9
       9
       5
       5
       2
       6
       4
       4
       7
       7
       6
       5
       3
       5
       2
       3
       5
       2
       4
       1
       6
       3
       2
       1
       3
       3
       1
       4
       6
       1
       1
       3
       1
       2
       1
       3
       2
       6
       4
       3
       1
       3
       3
       1
       2
       6
       3
       2
       3
       2
       3
       5
       3
       3
       1
       2
       0
       2
       1
       3
       0
       1
       1
       3
       1
       1
       0
       0
       0
       4
       0
       3
       1
       3
       0
       3
       2
       2
       1
       2
       2
       2
       0
       0
       2
       1
       0
       1
       0
       3
       2
       1
       0
       1
       0
       1
       0
       0
       3
       2
       1
       0
       3
       4
       2
       1
       1
       1
       1
       0
       0
       0
       0
       0
       1
       0
       0
       2
       1
       0
       1
       0
       0
       1
       1
       0
       0
       2
       2
       1
       2
       1
       1
       1
       0
       0
       1
       1
       0
       1
       2
       0
       1
       0
       0
       1
       0
       2
       1
       0
       1
       2
       1
       0
       2
       1
       1
       1
       0
       1
       0
       0
       0
       1
       1
       0
       1
       1
       0
       1
       1
       2
       0
       0
       0
       1
       2
       0
       1
       1
       1
       1
       0
       1
       1
       0
       0
       0
       0
       1
       0
       0
       0
       0
       0
       0
       3
       3
       0
       0
       1
       2
       1
       0
       1
       0
       1
       1
       0
       0
       0
       0
       2
       1
       2
       1
       0
       1
       0
       0
       2
       2
       0
       0
       0
       1
       1
       0
       0
       0
       0
       0
       0
       0
       0
       0
       0
       0
       2
       1
       0
       0
       0
       0
       1
       1
       0
       0
       1
       0
       1
       0
       0
       0
       0
       1
       0
       0
       1
       0
       1
       1
       1
       1
       0
       2
       0
       0
       1
       0
       2
       1
       0
       1
       0
       0
       0
       0
       0
       0
       0
       0
       1
       1
       0
       0
       1
       2
       1
       0
       0
       0
       2
       0
       0
       0
       1
       0
       0
       1
       0
       2
       1
       0
       1
       1
       1
       1
       0
       2
       0
       2
       0
       1
       0
       0
       1
       2
       0
       0
       0
       1
       0
       0
       0
       0
       0
       2
       0
       1
       0
       1
       0
       0
       0
       0
       0
       0
       1
       0
       0
       1
       0
       0
       1
       0
       0
       0
       0
       0
       0
       0
       0
       0
       0
       1
       0
       1
       0
       0
       0
       0
       0
       0
       2
       0
       0
       0
       0
       0
       0
       0
       0
       1
       0
       0
       2
       1
       1
       1
       0
       1
       0
       0
       0
       0
       0
       0
       0
       1
       0
       0
       0
       0
       0
       0
       0
       1
       0
       0
       0
       0
       0
       1
       0
       0
       0
       0
       0
       0
       0
       1
       0
       0
       0
       0
       0
       0
       0
       0
       0
       1
       0
       1
       0
       1
       0
       0
       0
       1
       0
       0
       1
       0
       0
       0
       0
       0
       1
       0
       0
       0
       0
       0
       0
       0
       0
       0
       1
       0
       0
       0
       0
       0
       0
       0
       0
       0
       1
       0
       0
       0
       0
       1
       0
       0
       0
       0
       0
       0
       0
       0
       0
       0
       0
       0
       0
       0
       0
       0
       0
       0
       0
       0
       0
       0
       0
       0
       0
       0
       0
       0
       0
       1
       0
       0
       0
       0
       0
       0
       0
       0
       0
       0
       0
       0
       0
       0
       0
       0
       0
       0
       0
       0
       1
       1
       0
       0
       0
       0
       0
       0
       0
       0
       0
       0
       0
       2
       0
       1
       0
       0
       0
       0
       0
       0
       0
       0
       0
       0
       0
       0
       0
       0
       0
       0
       1
       0
       1
       0
       0
       0
       0
       0
       0
       0
       0
       0
       0
       0
       0
       0
       0
       0
       0
       0
       0
       0
       1
       0
       0
       0
       0
       1
       0
       0
       0
       0
       0
       0
       1
       1
       0
       1
       0
       0
       0
       0
       0
       0
       0
       0
       0
       0
       0
       0
       1
       0
       0
       0
       0
       0
       0
       1
       0
       0
       0
       0
       0
       0
       0
       1
       0
       0
       0
       0
       0
       0
       0
       0
       0
       1
       1
       0
       0
       0
       0
       0
       0
       0
       0
       1
       0
       0
       0
       0
       0
       0
       0
       0
       0
       0
       0
       0
       0
       0
       0
       0
       0
       0
       0
       0
       0
       0
       0
       1
       1
       1
       0
       0
       0
       0
       0
       0
       0
       0
       1
       0
       0
       0
       0
       0
       0
       0
       1
       0
       0
       1
       0
       0
       0
       0
       0
       0
       0
       0
       0
       0
       0
       0
       0
       0
       0
       0
       0
       0
       0
       1
       0
       0
       0
       0
       0
       0
       0
       0
       0
       0
       0
       0
       0
       1
       0
       0
       0
       0
       0
       0
       0
       0
       0
       0
       0
       0
       0
       0
       1
       0
       0
       0
       0
       0
       0
       0
       0
       0
       0
       0
       0
       0
       0
       0
       0
       0
       0
       0
       0
       0
       0
       0
       0
       0
       0
       0
       0
       0
       0
       0
       0
       0
       0
       1
       0
       0
       0
       0
       0
       0
       0
       0
       0
       0
       0
       0
       0
       0
       0
       0
       0
       0
       0
       0
       0
       0
       0
       0
       0
       0
       0
       0
       1
       0
       1
       0
       0
       0
       0
       0
       0
       0
       0
       0
       0
       0
       0
       0
       0
       0
       0
       0
       0
       0
       1
       0
       0
       0
       0
       0
       0
       0
       0
       0
       0
       0
       0
       0
       0
       0
       0
       0
       1
       0
       0
       0
       0
       0
       0
       0
       0
       0
       1
       0
       0
       0
       0
       0
       0
       0
       0
       0
       0
       0
       0
       0
       0
       0
       0
       0
       0
       0
       0
       0
       0
       0
       0
       0
$ROI:
0
$PRESETS:
Live Time
300
0
$ENER_FIT:
0.000000 0.000000
$MCA_CAL:
3
0.000000E+000 0.000000E+000 0.000000E+000 
$SHAPE_CAL:
3
0.000000E+000 0.000000E+000 0.000000E+000
