$SPEC_ID:
HPGe
$SPEC_REM:
DET# 3
DETDESC# 927 SN 13239381 Input 1
AP# Maestro Version 7.01
$DATE_MEA:
04/06/2017 19:10:27
$MEAS_TIM:
600 602
$DATA:
0 1023
       0
       0
       0
       0
       0
       0
       0
       0
       0
       0
       0
       0
       0
       0
       0
       0
       0
       0
       0
      15
     121
      87
     105
      90
     109
      88
     103
      83
      83
      99
      76
      88
      83
      92
      97
     125
      86
      86
      92
      74
      85
      85
      89
     112
     121
     104
     112
      96
      86
      99
     105
     110
      88
     110
     111
     114
      97
      90
     112
     103
     114
     123
      93
      85
     113
     123
      82
     112
      93
     105
     113
     113
     106
     101
     100
      98
      89
     102
      94
      85
     100
      96
     101
      92
      89
     109
     109
     103
      96
     110
      89
      96
      91
     111
     103
     102
      93
      89
      86
      89
     128
     103
     105
     105
      97
      98
      76
     104
      87
      78
      92
      87
      88
      90
      79
      91
      97
      98
      77
      86
      91
     100
      73
      93
      92
     103
      87
      88
      82
      87
      76
      78
     101
     103
      84
      96
     113
      92
      83
     101
     115
     111
      94
     140
     134
     132
     118
     114
     118
     115
     145
     100
     118
     118
      87
     102
      79
     104
      93
      96
      79
      86
      74
      90
      89
      80
      79
      74
     104
      68
      81
      67
      72
      54
      76
      78
      85
      80
      93
      59
      66
      69
      67
      69
      77
      72
      63
      78
      69
      70
      57
      61
      66
      65
      68
      61
      67
      53
      66
      55
      66
      59
      72
      66
      58
      68
      62
      63
      63
      69
      49
      63
      59
      65
      72
      64
      64
      50
      51
      62
      65
      57
      58
      59
      73
      62
      66
      55
      64
      57
      53
      53
      65
      55
      46
      51
      57
      63
      53
      77
      69
      47
      51
      65
      58
      52
      56
      55
      52
      66
      52
      42
      60
      52
      47
      53
      52
      52
      53
      55
      53
      56
      43
      62
      53
      58
      48
      60
      42
      57
      55
      51
      40
      38
      50
      59
      53
      40
      43
      49
      57
      48
      57
      59
      44
      51
      49
      54
      42
      52
      50
      56
      48
      48
      49
      44
      43
      55
      56
      51
      42
      41
      52
      64
      42
      45
      55
      52
      45
      50
      38
      54
      38
      55
      39
      51
      56
      48
      45
      41
      43
      50
      52
      45
      42
      41
      51
      47
      43
      53
      48
      61
      42
      49
      47
      52
      34
      47
      47
      49
      56
      38
      52
      40
      51
      46
      44
      49
      52
      63
      50
      52
      60
      50
      53
      44
      47
      49
      35
      41
      41
      52
      51
      39
      53
      54
      52
      46
      44
      42
      43
      39
      52
      54
      40
      45
      40
      43
      51
      45
      47
      44
      49
      37
      47
      49
      39
      43
      47
      57
      39
      45
      51
      56
      57
      49
      36
      55
      49
      43
      52
      53
      41
      33
      38
      56
      51
      39
      41
      42
      37
      35
      51
      34
      53
      44
      43
      50
      40
      44
      43
      46
      49
      51
      52
      43
      48
      51
      43
      38
      45
      46
      43
      46
      40
      45
      40
      41
      60
      38
      49
      51
      46
      55
      52
      40
      51
      57
      45
      45
      41
      47
      45
      37
      51
      42
      41
      50
      36
      49
      45
      39
      43
      40
      47
      38
      54
      55
      46
      45
      53
      57
      49
      59
      49
      35
      55
      50
      44
      42
      44
      45
      46
      41
      52
      56
      42
      64
      44
      35
      46
      46
      51
      45
      49
      40
      48
      43
      52
      56
      52
      46
      52
      47
      28
      31
      49
      53
      57
      41
      40
      37
      52
      47
      52
      43
      36
      40
      41
      39
      36
      44
      50
      45
      50
      48
      57
      53
      47
      60
      54
      41
      42
      61
      46
      51
      46
      36
      46
      53
      61
      54
      62
      44
      57
      45
      44
      59
      53
      45
      55
      54
      49
      36
      48
      42
      47
      51
      48
      53
      48
      45
      50
      45
      53
      48
      42
      40
      40
      54
      42
      74
      50
      62
      46
      64
      50
      48
      51
      46
      43
      51
      44
      55
      63
      50
      59
      59
      71
      37
      49
      42
      57
      53
      52
      49
      37
      64
      43
      57
      53
      58
      53
      56
      66
      49
      60
      52
      55
      59
      62
      57
      52
      61
      58
      58
      51
      61
      57
      58
      50
      73
      56
      63
      55
      61
      62
      45
      65
      73
      60
      64
      48
      51
      46
      55
      60
      45
      65
      62
      74
      58
      57
      54
      65
      68
      61
      60
      52
      45
      65
      40
      55
      61
      68
      68
      41
      45
      59
      40
      43
      47
      40
      41
      49
      42
      37
      36
      33
      31
      34
      38
      39
      25
      34
      28
      44
      23
      48
      38
      36
      30
      37
      36
      36
      24
      30
      33
      32
      32
      39
      36
      43
      25
      31
      33
      32
      35
      37
      34
      33
      33
      36
      30
      32
      28
      29
      30
      26
      25
      31
      34
      30
      46
      46
      48
      22
      25
      28
      36
      33
      28
      35
      25
      28
      27
      33
      27
      34
      42
      31
      42
      33
      37
      25
      23
      36
      44
      36
      26
      30
      29
      27
      43
      36
      24
      26
      39
      35
      22
      33
      37
      27
      26
      34
      34
      32
      27
      25
      34
      39
      28
      32
      32
      38
      31
      39
      30
      32
      35
      49
      37
      38
      27
      40
      42
      39
      22
      47
      45
      36
      42
      35
      55
      33
      50
      43
      45
      28
      54
      47
      61
      60
      62
      61
      47
      62
      54
      72
      53
      59
      57
      50
      68
      47
      50
      56
      63
      56
      49
      55
      60
      44
      50
      42
      30
      30
      21
      23
      14
       9
       6
       9
       5
       3
       1
       3
       4
       1
       2
       4
       3
       3
       1
       3
       3
       4
       3
       2
       3
       1
       3
       2
       2
       8
       3
       2
       4
       4
       2
       6
       1
       5
       5
       5
       5
       5
       6
       3
       4
       5
      13
       5
       6
       4
       6
       5
      13
       8
       9
      10
      18
       7
      13
      14
      20
      17
       9
       7
      13
      25
      25
      14
      10
      25
      27
      30
      29
      26
      18
      29
      25
      28
      38
      30
      27
      31
      36
      32
      24
      28
      35
      35
      33
      37
      34
      31
      46
      52
      52
      48
      38
      34
      36
      50
      45
      45
      41
      49
      35
      35
      41
      32
      32
      26
      19
      18
      15
      10
       9
       7
       9
       5
       4
       2
       1
       1
       1
       1
       0
       1
       0
       1
       0
       2
       0
       0
       0
       1
       0
       1
       1
       1
       1
       1
       0
       1
       0
       0
       0
       0
       0
       0
       0
       2
       0
       0
       0
       0
       0
       2
       0
       1
       0
       0
       0
       0
       0
       1
       1
       0
       1
       0
       1
       0
       2
       2
       0
       2
       1
       0
       0
       0
       0
       0
       1
       1
       1
       0
       0
       0
       0
       0
       0
       1
       0
       0
       0
       0
       0
       0
       0
       0
       0
       0
       0
       0
       0
       0
       0
       0
       0
       0
       0
$ROI:
0
$PRESETS:
Live Time
600
0
$ENER_FIT:
0.000000 0.000000
$MCA_CAL:
3
0.000000E+000 0.000000E+000 0.000000E+000 
$SHAPE_CAL:
3
0.000000E+000 0.000000E+000 0.000000E+000
