$SPEC_ID:
HPGe
$SPEC_REM:
DET# 3
DETDESC# 927 SN 13239381 Input 1
AP# Maestro Version 7.01
$DATE_MEA:
04/06/2017 17:54:13
$MEAS_TIM:
120 131
$DATA:
0 1023
       0
       0
  222684
  210260
   16360
   18276
    9595
    3822
    1374
     514
     252
     140
     148
     149
     192
     169
     180
     243
     256
     291
     310
     270
     250
     212
     206
     152
     155
     126
     111
     108
      87
      93
     102
      90
     105
      97
      89
     109
     104
      87
      97
      97
      88
     106
     112
      95
      73
     107
      92
     110
     104
      82
      95
      83
      93
     111
     108
      92
      92
      69
      98
     100
     113
      87
      83
      93
      95
      98
     100
      88
      83
      97
      95
      90
     110
     108
     104
      98
      89
     119
      99
      90
      97
     105
     102
     109
      92
     112
     103
     121
      86
     117
      99
     107
      94
      95
     104
      98
      80
      92
     122
     111
      97
     108
     113
     103
     112
     105
     108
      93
     109
     117
     113
     107
     106
     105
     123
     112
     115
     125
     129
     131
     139
     118
     174
     155
     165
     177
     155
     174
     145
     156
     144
     168
     166
     151
     170
     150
     141
     147
     105
     122
     112
     103
     112
     124
     104
     110
     121
      92
     101
      92
      93
      87
      70
      97
      89
      85
      78
      91
      97
      90
      74
      80
      93
      88
      90
      66
      66
      73
      75
      74
      64
      77
      76
      62
      64
      68
      85
      69
      83
      65
      71
      85
      66
      76
      70
      70
      56
      61
      69
      53
      71
      65
      77
      54
      71
      71
      58
      60
      59
      79
      58
      64
      57
      57
      59
      66
      58
      59
      60
      71
      64
      49
      69
      52
      70
      66
      59
      51
      69
      77
      59
      63
      67
      70
      69
      39
      61
      67
      57
      63
      59
      61
      58
      53
      72
      65
      62
      63
      59
      67
      65
      51
      60
      44
      66
      75
      69
      62
      73
      67
      60
      54
      61
      54
      69
      79
      53
      76
      69
      62
      74
      63
      58
      67
      64
      66
      59
      71
      67
      63
      64
      70
      70
      64
      72
      72
      64
      70
      67
      70
      63
      64
      55
      65
      79
      59
      73
      61
      80
      68
      77
      70
      72
      64
      79
      63
      61
      79
      84
      73
      63
      65
      67
      70
      53
      72
      70
      66
      60
      63
      67
      66
      63
      65
      50
      58
      62
      52
      42
      49
      46
      43
      44
      43
      44
      33
      28
      29
      14
      30
      21
      14
      30
      16
      17
      22
      14
      19
      19
      12
      12
      14
      13
      20
      12
       2
      17
      17
      13
      12
      15
       7
      20
      14
      15
       7
      18
       7
       6
      13
      15
      11
       8
      11
      10
      10
       9
       8
       5
       9
       8
       8
      12
       9
       6
       6
       6
       9
       4
       7
      11
      12
      10
       3
       6
       7
       8
       6
       6
       9
       8
       5
      10
       6
       6
       9
       7
       8
       4
       9
       8
      13
       9
       8
      10
      10
       8
       8
      12
      15
      14
      17
      11
      19
      14
      22
      19
      26
      26
      26
      35
      47
      44
      49
      54
      74
      66
      69
      69
     102
      97
     115
     136
     130
     123
     139
     158
     155
     182
     172
     196
     195
     212
     236
     219
     205
     226
     280
     238
     249
     247
     200
     205
     190
     139
     129
      95
      59
      35
      15
      15
      10
       5
       3
       2
       0
       2
       2
       0
       0
       4
       1
       0
       3
       2
       0
       3
       1
       2
       1
       0
       1
       3
       1
       2
       1
       0
       2
       2
       0
       0
       0
       2
       1
       0
       2
       1
       0
       0
       2
       1
       1
       1
       4
       1
       3
       0
       0
       0
       2
       0
       0
       1
       1
       0
       1
       1
       2
       1
       0
       0
       1
       0
       0
       2
       1
       2
       0
       1
       0
       1
       1
       0
       2
       0
       0
       1
       0
       0
       1
       1
       1
       2
       0
       0
       0
       1
       1
       0
       0
       0
       1
       1
       0
       0
       0
       0
       1
       1
       0
       2
       1
       1
       0
       1
       1
       1
       0
       0
       1
       0
       0
       0
       0
       0
       1
       0
       0
       1
       1
       1
       1
       0
       2
       0
       1
       1
       0
       1
       1
       1
       0
       1
       1
       0
       0
       1
       0
       1
       0
       1
       0
       0
       0
       0
       0
       0
       0
       1
       2
       0
       0
       0
       1
       0
       0
       0
       1
       1
       1
       0
       1
       1
       0
       1
       0
       0
       0
       0
       1
       1
       1
       0
       0
       0
       0
       0
       0
       0
       0
       0
       0
       0
       0
       0
       1
       0
       0
       1
       1
       0
       0
       0
       1
       0
       0
       0
       0
       1
       0
       0
       0
       0
       1
       1
       0
       0
       0
       0
       0
       1
       1
       0
       0
       0
       1
       1
       0
       0
       0
       0
       0
       0
       0
       1
       0
       1
       1
       0
       1
       0
       1
       0
       0
       0
       0
       0
       0
       0
       0
       0
       4
       0
       0
       0
       0
       0
       0
       0
       0
       0
       0
       0
       1
       0
       0
       0
       0
       0
       0
       1
       0
       0
       0
       0
       0
       1
       0
       0
       0
       0
       1
       0
       2
       0
       1
       0
       1
       0
       0
       0
       0
       0
       0
       0
       1
       0
       0
       0
       0
       0
       0
       0
       0
       0
       0
       0
       0
       0
       0
       0
       0
       0
       0
       0
       0
       0
       0
       0
       0
       0
       0
       0
       0
       0
       0
       0
       0
       0
       0
       0
       0
       0
       0
       0
       0
       0
       0
       0
       1
       0
       0
       0
       0
       0
       0
       0
       1
       1
       0
       0
       1
       0
       0
       0
       0
       0
       0
       0
       1
       0
       0
       0
       0
       0
       0
       0
       0
       1
       0
       0
       0
       0
       0
       0
       0
       0
       0
       0
       1
       0
       0
       0
       0
       0
       0
       0
       0
       0
       0
       0
       0
       0
       0
       0
       0
       0
       0
       0
       1
       0
       0
       0
       0
       0
       0
       1
       0
       0
       0
       0
       0
       1
       0
       0
       0
       0
       0
       0
       0
       0
       0
       0
       0
       0
       0
       0
       0
       0
       0
       0
       0
       0
       0
       0
       0
       0
       0
       0
       0
       0
       2
       0
       0
       0
       0
       0
       1
       0
       0
       0
       0
       0
       0
       1
       0
       0
       0
       0
       0
       0
       0
       0
       0
       0
       0
       1
       0
       0
       0
       0
       0
       0
       0
       0
       0
       0
       0
       0
       0
       0
       0
       0
       0
       0
       0
       0
       0
       1
       0
       0
       0
       0
       0
       0
       0
       0
       0
       0
       0
       0
       0
       1
       0
       0
       0
       0
       0
       0
       0
       0
       0
       0
       0
       0
       0
       0
       0
       0
       0
       0
       0
       0
       0
       1
       0
       0
       0
       0
       0
       0
       0
       0
       0
       0
       0
       0
       1
       0
       0
       0
       0
       0
       0
       0
       0
       0
       0
       0
       0
       1
       0
       0
       0
       0
       0
       0
       0
       0
       0
       0
       0
       0
       0
       0
       0
       0
       0
       0
       0
       0
       0
$ROI:
1
422 463
$PRESETS:
Live Time
120
0
$ENER_FIT:
0.000000 0.000000
$MCA_CAL:
3
0.000000E+000 0.000000E+000 0.000000E+000 
$SHAPE_CAL:
3
0.000000E+000 0.000000E+000 0.000000E+000
