$SPEC_ID:
No sample description was entered.
$SPEC_REM:
DET# 2
DETDESC# NECG4YKBZ1 Model 927 SN 14245933 Input 2
AP# Maestro Version 7.01
$DATE_MEA:
03/28/2017 14:23:58
$MEAS_TIM:
120 122
$DATA:
0 8191
       0
       0
       0
       0
       0
       0
       0
       0
       0
       0
       0
       0
       0
       0
       0
       0
       0
       0
       0
       0
       0
       0
       0
       0
       0
       0
       0
       0
       0
       0
       0
       0
       0
       0
       0
       0
       0
       0
       0
       0
       0
       0
       0
       0
       0
       0
       0
       0
       0
       0
       0
       0
       0
       0
       0
       0
       0
       0
       0
       0
       0
       0
       0
       0
       0
       0
       0
       0
       0
       0
       0
       0
       0
       0
       0
       0
       0
       0
       0
       0
       0
       0
       0
       0
       0
       0
       0
       0
       0
       0
       0
       0
       0
       0
       0
       0
       0
       0
       0
       0
       0
       0
       0
       0
       0
       0
       0
       0
       0
       0
       0
       0
       0
       0
       0
       0
       0
       0
       0
       0
       0
       0
       0
       0
       0
       0
       0
       0
       0
       0
       0
       0
       0
       0
       0
       0
       0
       0
       0
       0
       0
       0
       0
       0
       0
       0
       0
       0
       0
       0
       0
       0
       0
       0
       0
       0
       0
       0
       0
       0
       0
       0
       0
       0
       0
       0
       0
       0
       0
       0
       0
       0
       0
       0
       0
       0
       0
       0
       0
       0
       0
       0
       0
       0
       0
       0
       0
       0
       0
       0
       0
       0
       0
       0
       0
       0
       0
       0
       0
       0
       0
       0
       0
       0
       0
       0
       0
       0
       0
       0
       0
       0
       0
       0
       0
       0
       0
       0
       0
       0
       0
       0
       0
       0
       0
       0
       0
       0
       0
       0
       0
       0
       0
       0
       0
       0
       0
       0
       0
       0
       0
       0
       0
       0
       0
       0
       0
       0
       0
       0
       0
       0
       0
       0
       0
       0
       0
       0
       0
       0
       0
       0
       0
       0
       0
       0
       0
       0
       0
       0
       0
       0
       0
       0
       0
       0
       0
       0
       0
       0
       0
       0
       0
       0
       0
       0
       0
       0
       0
       0
       0
       1
       1
       5
      55
     138
     160
     172
     169
     165
     167
     161
     179
     148
     167
     174
     183
     160
     149
     135
     151
     164
     169
     170
     174
     147
     169
     168
     144
     148
     183
     165
     165
     161
     145
     177
     150
     168
     152
     182
     170
     161
     179
     147
     149
     163
     150
     196
     180
     165
     145
     170
     152
     160
     147
     155
     164
     155
     151
     136
     158
     152
     168
     163
     169
     151
     163
     179
     137
     156
     136
     179
     158
     134
     171
     158
     152
     151
     167
     181
     144
     158
     161
     179
     160
     146
     172
     152
     145
     154
     150
     151
     157
     153
     163
     158
     160
     154
     175
     161
     154
     147
     149
     156
     133
     144
     159
     153
     166
     144
     160
     134
     163
     171
     142
     136
     132
     171
     156
     156
     132
     143
     170
     141
     171
     176
     140
     159
     160
     135
     162
     138
     131
     144
     146
     154
     138
     158
     150
     147
     133
     149
     161
     128
     158
     132
     160
     150
     154
     143
     150
     132
     137
     161
     157
     145
     160
     131
     148
     127
     130
     139
     131
     164
     158
     139
     129
     127
     153
     165
     136
     140
     132
     146
     138
     158
     160
     133
     144
     138
     139
     150
     156
     135
     151
     152
     155
     133
     155
     154
     148
     146
     120
     143
     132
     148
     135
     140
     138
     132
     156
     141
     164
     138
     161
     154
     129
     137
     145
     135
     154
     150
     163
     171
     144
     166
     144
     110
     162
     142
     161
     144
     137
     140
     147
     166
     141
     111
     164
     143
     163
     153
     152
     161
     175
     165
     141
     124
     159
     173
     131
     158
     135
     141
     154
     156
     142
     154
     148
     151
     140
     149
     136
     173
     149
     128
     143
     129
     141
     157
     166
     182
     150
     155
     154
     160
     140
     145
     133
     140
     146
     126
     132
     147
     153
     143
     144
     148
     161
     153
     144
     163
     168
     141
     150
     152
     153
     162
     142
     163
     140
     151
     147
     140
     164
     152
     138
     142
     153
     166
     174
     146
     170
     148
     148
     144
     145
     164
     133
     139
     145
     153
     155
     160
     166
     158
     133
     137
     131
     126
     144
     151
     133
     152
     142
     170
     148
     145
     139
     151
     165
     137
     149
     135
     121
     154
     139
     137
     137
     159
     156
     153
     146
     156
     150
     127
     145
     129
     161
     145
     137
     144
     156
     138
     161
     139
     127
     149
     136
     140
     144
     140
     135
     129
     160
     146
     156
     134
     143
     143
     173
     160
     172
     141
     127
     137
     145
     145
     150
     142
     152
     128
     162
     153
     156
     147
     152
     135
     144
     151
     137
     116
     163
     150
     144
     148
     146
     156
     168
     142
     131
     125
     156
     142
     165
     149
     146
     141
     148
     135
     150
     149
     128
     136
     141
     128
     126
     144
     143
     135
     137
     133
     134
     137
     150
     137
     132
     127
     141
     116
     162
     135
     152
     141
     132
     133
     117
     126
     130
     146
     145
     136
     141
     141
     137
     123
     145
     150
     162
     147
     149
     125
     154
     138
     139
     137
     126
     131
     139
     132
     142
     118
     137
     155
     174
     152
     132
     156
     144
     134
     140
     135
     123
     143
     139
     142
     146
     151
     131
     129
     145
     149
     132
     134
     127
     118
     128
     157
     146
     137
     150
     144
     131
     144
     152
     139
     140
     144
     136
     144
     131
     139
     140
     151
     129
     132
     157
     145
     151
     138
     147
     138
     121
     147
     147
     151
     153
     147
     129
     147
     136
     163
     120
     125
     151
     150
     127
     133
     148
     148
     152
     136
     156
     133
     124
     116
     160
     134
     132
     104
     145
     154
     145
     135
     166
     166
     149
     135
     146
     154
     155
     134
     136
     133
     122
     157
     177
     149
     135
     174
     152
     154
     156
     133
     139
     169
     141
     146
     174
     158
     149
     161
     175
     170
     168
     171
     193
     172
     182
     178
     200
     199
     175
     165
     164
     157
     198
     194
     177
     209
     165
     205
     189
     194
     192
     199
     206
     206
     227
     192
     204
     219
     197
     183
     206
     213
     189
     197
     218
     201
     181
     186
     183
     190
     200
     198
     185
     187
     184
     183
     176
     164
     195
     184
     174
     190
     197
     197
     192
     178
     191
     173
     178
     184
     183
     197
     186
     190
     196
     185
     191
     191
     197
     192
     189
     180
     181
     165
     185
     210
     191
     189
     173
     171
     179
     195
     172
     183
     179
     188
     186
     190
     194
     195
     199
     187
     183
     196
     160
     195
     155
     171
     184
     166
     181
     168
     168
     161
     180
     182
     190
     161
     170
     189
     177
     177
     212
     206
     180
     159
     208
     184
     168
     180
     184
     185
     200
     174
     155
     177
     181
     186
     161
     171
     176
     195
     174
     176
     183
     204
     185
     198
     183
     159
     163
     190
     173
     195
     169
     191
     152
     182
     178
     186
     175
     160
     174
     166
     188
     160
     162
     177
     170
     176
     142
     181
     178
     168
     165
     165
     154
     169
     170
     166
     174
     163
     165
     163
     174
     176
     154
     177
     157
     149
     191
     162
     150
     135
     159
     178
     143
     148
     170
     180
     147
     185
     143
     169
     149
     164
     131
     164
     136
     157
     164
     177
     154
     172
     172
     149
     162
     148
     154
     150
     165
     152
     165
     155
     151
     155
     137
     150
     168
     155
     178
     151
     175
     132
     162
     153
     170
     172
     165
     160
     167
     162
     144
     143
     141
     142
     137
     164
     150
     138
     143
     138
     159
     146
     144
     136
     159
     150
     138
     146
     141
     141
     163
     174
     137
     165
     167
     128
     161
     160
     159
     130
     133
     167
     148
     130
     148
     146
     136
     137
     140
     129
     142
     137
     147
     154
     148
     164
     145
     144
     149
     147
     152
     128
     144
     125
     149
     142
     162
     146
     110
     139
     147
     128
     164
     143
     131
     122
     141
     130
     150
     147
     154
     140
     147
     133
     145
     151
     110
     134
     135
     156
     135
     139
     127
     161
     140
     135
     121
     157
     135
     139
     145
     141
     150
     149
     144
     156
     133
     146
     141
     145
     136
     133
     123
     155
     139
     130
     132
     143
     122
     119
     137
     146
     157
     161
     144
     144
     140
     132
     129
     134
     117
     132
     116
     133
     134
     135
     136
     139
     143
     144
     147
     119
     150
     129
     149
     131
     137
     138
     129
     113
     130
     124
     135
     142
     105
     131
     122
     138
     130
     120
     114
     136
     116
     131
     148
     122
     142
     131
     134
     130
     138
     143
     131
     154
     138
     137
     144
     130
     122
     121
     146
     133
     135
     124
     148
     128
     125
     121
     137
     111
     141
     112
     133
     134
     123
     140
     136
     125
     135
     120
     130
     117
     130
     131
     125
     114
     113
     124
     122
     114
     121
     134
     122
     114
     136
     119
     125
     125
     130
     122
     111
     125
     126
     118
     115
     129
     137
     120
     145
     116
     117
     123
     116
     129
     139
     115
     118
     136
     131
     136
     119
     121
     141
     122
     113
     101
     111
     126
     130
     111
     111
     133
     134
     119
      98
     124
     106
     121
     103
     125
     149
     134
     122
     131
     143
     123
     117
     124
     116
     115
     122
     128
     115
     118
     122
     134
     134
     133
     110
     125
     136
     133
     140
     123
     118
     162
     118
     113
     125
     139
     124
     139
     118
     127
     124
     134
     111
     115
     112
     140
     124
     133
     116
     116
     119
     144
     101
     104
     125
     135
     122
     115
     140
     120
     113
     111
     130
     106
     116
     131
     140
      98
     127
     119
     118
     111
     113
     137
     128
     113
     134
     122
     114
     122
     125
     128
     135
     109
     126
     119
     122
     106
      96
     143
     100
     125
     130
     114
     124
     118
     123
     119
     125
     123
     114
     118
     145
     112
     110
     111
     115
     120
     123
     104
     124
     104
     108
     110
      97
     107
     144
     110
     139
     126
     128
     115
     130
     111
     133
     140
     117
     115
     117
     132
     102
     130
     123
      98
     129
     105
     125
      98
     139
     132
     120
     126
     129
     121
     127
     116
     123
     116
     107
     101
     124
     117
     120
      95
     118
     116
     104
     113
     114
     115
     120
     121
      98
     108
     124
      89
     110
     130
     119
     112
     126
     105
     124
     104
     132
     120
     127
     130
     112
     122
     119
     100
     102
     118
      98
     106
     103
     127
      82
     125
     102
     111
     115
     113
     101
     128
     105
     117
     115
     117
     112
     109
     126
     115
     117
     118
     105
     108
     127
      85
     131
     101
     133
     115
     118
      92
     108
     101
     103
     145
     120
     107
     124
     118
     104
     124
     112
     116
     134
     106
     123
     114
     142
     123
     108
     109
     103
     119
     107
     106
     105
     111
     117
     103
     120
     136
     127
     114
     126
     125
     130
     110
     125
     124
     113
     140
     118
     120
     121
     116
     104
     119
     103
     137
      98
     135
     112
     103
      94
     112
     110
     107
     108
     127
     101
     122
     113
      98
     107
     111
     105
     110
     132
     115
     112
     112
     110
     117
     125
     103
     111
      93
     107
     117
     105
     112
     118
     127
     106
     108
     111
     115
     113
     117
     114
     107
     113
     122
     123
     107
     111
     103
     104
     119
     122
     118
     118
     105
     121
     110
     122
     117
     121
     111
     116
     114
     119
     134
     109
     108
     110
     109
     112
     123
     140
     106
     100
     123
     124
     107
     110
     122
     114
     128
     104
     101
     112
     113
     135
     102
     127
     112
     115
     124
     134
     132
     102
     110
     107
     114
     100
     126
      93
     113
     109
     125
     109
     110
     112
     126
     123
     110
      98
     110
     134
      98
     118
     116
      93
     109
     108
     105
     109
     126
     119
     107
      97
     116
     146
     124
     115
     124
     119
     121
     121
     102
     107
     115
     111
     121
     108
     110
     113
     119
     108
     100
     129
     115
     122
     146
     125
     135
     108
     137
     108
     110
     115
     121
     102
     127
     126
     119
     121
     135
     112
     107
     109
     119
     108
     120
     100
     111
     128
     115
     112
     123
     115
     109
     106
     107
     110
     108
     138
     111
      99
     108
     125
     131
     138
     111
     111
     108
     120
     120
     115
     115
     115
     105
     103
     125
     106
     140
     117
     117
     107
     124
     131
     106
     132
     119
     118
     107
     131
     111
     115
     140
     119
     104
     124
     127
     114
     127
     118
     139
     102
     117
     106
     129
     131
     134
     127
     120
     100
     124
     132
     115
     121
     126
     100
     131
     113
     129
     130
     126
     126
     105
     123
     131
     114
     135
     122
     125
     134
     121
     127
     103
     135
     124
     130
     124
     129
     122
     130
     112
     104
     129
     122
     110
     117
     127
     137
     127
     128
     131
      93
     119
     128
     118
     126
     109
     105
     109
     108
     119
     111
     131
     114
     119
     116
     115
     115
     122
     125
     126
     104
     123
     126
     127
     111
     131
     132
     117
     135
     133
     122
     111
     123
     130
     126
     116
     113
     126
     136
     118
     127
     113
     115
     106
     124
     112
     131
     135
     114
     127
     117
     130
     135
     115
      98
     130
     136
     133
     133
     115
     132
     121
     120
     107
     129
     105
     136
     120
     118
     116
     115
     135
     118
     125
     113
      97
     119
     115
     122
     111
     135
     126
     110
     104
     125
     126
      99
     138
     114
     110
     130
     121
     143
     129
     142
     118
     114
     127
     121
     134
     111
     122
     104
     117
     139
     113
     111
     135
     137
     137
     130
     108
     113
     136
     123
     118
     119
     122
     123
     128
     117
     112
     142
     118
     128
     128
     114
     120
     143
     128
     141
     113
     115
     124
     150
     123
     130
     120
     133
     118
     133
      92
     138
     120
     124
     144
     124
     121
     132
     124
     126
     119
     122
     140
     107
     132
      97
     121
     131
     128
     117
     127
     147
     125
     130
     128
     134
     137
     133
     134
     131
     121
     122
     150
     128
     124
     128
     124
     142
     105
     137
     125
     129
     124
     134
     122
     137
     130
     122
     145
     127
     128
     119
     159
     118
     138
     138
     141
     121
     136
     128
     139
     118
     135
     125
     123
     123
     121
     142
     143
     121
     143
     144
     140
     145
     144
     136
     141
     129
     121
     107
     110
     139
     130
     117
     111
     115
     145
     141
     127
     140
     151
     124
     146
     129
     122
     117
     138
     128
     128
     163
     149
     149
     134
     133
     146
     149
     145
     140
     134
     130
     142
     138
     136
     135
     154
     136
     127
     128
     134
     138
     130
     125
     133
     127
     130
     133
     140
     123
     127
     139
     143
     143
     134
     127
     139
     123
     141
     146
     141
     152
     124
     134
     146
     122
     146
     144
     123
     118
     141
     150
     139
     147
     127
     143
     133
     132
     123
     125
     142
     109
     137
     129
     139
     121
     143
     143
     138
     160
     121
     141
     124
     152
     121
     134
     143
     138
     130
     153
     124
     142
     150
     134
     130
     133
     152
     136
     134
     138
     136
     133
     146
     160
     125
     124
     135
     124
     139
     146
     150
     150
     151
     139
     138
     143
     117
     151
     139
     141
     140
     135
     135
     143
     125
     138
     135
     144
     126
     126
     136
     136
     125
     127
     141
     126
     135
     134
     139
     127
     119
     115
     134
     132
     149
     126
     112
     143
     133
     128
     118
     137
     138
     137
     133
     122
     122
     124
     121
     140
     124
     120
     150
     127
     109
     109
     134
     127
     114
     129
     116
     141
     137
     126
     138
     123
     127
     109
     117
     126
     132
     123
     101
     138
     110
     112
     120
     114
     103
      99
     101
     110
     113
     123
     123
      95
     107
     105
     105
      90
     106
     101
      82
      89
     109
      70
      98
      86
      97
      68
      71
      77
      67
      80
      74
      80
      80
      69
      60
      75
      69
      70
      68
      68
      74
      63
      61
      43
      82
      58
      59
      60
      63
      51
      54
      45
      48
      64
      54
      54
      48
      48
      49
      57
      37
      62
      53
      40
      41
      35
      41
      63
      53
      32
      35
      36
      40
      55
      41
      44
      59
      42
      42
      40
      52
      39
      37
      33
      36
      38
      36
      36
      35
      43
      35
      32
      42
      38
      39
      30
      32
      34
      30
      21
      38
      36
      34
      46
      36
      36
      33
      33
      26
      27
      28
      41
      35
      31
      23
      38
      35
      31
      30
      28
      28
      36
      28
      22
      31
      28
      34
      26
      31
      37
      31
      19
      25
      30
      20
      21
      39
      36
      23
      31
      20
      29
      22
      29
      28
      35
      25
      31
      25
      22
      26
      20
      29
      33
      28
      28
      15
      25
      28
      28
      24
      24
      25
      24
      16
      19
      25
      31
      29
      29
      27
      31
      21
      20
      26
      17
      29
      30
      14
      25
      24
      21
      23
      27
      21
      23
      21
      20
      21
      25
      24
      25
      18
      22
      21
      19
      27
      17
      24
      15
      23
      17
      25
      16
      19
      20
      15
      13
      23
      23
      18
      15
      15
      21
      19
      17
      15
      23
      22
      25
      21
      19
      18
      19
      14
      15
      17
      12
      13
      19
      23
      22
      20
      16
      18
      20
      11
      16
       8
      19
       9
      16
      20
      14
      22
      23
      12
      13
      18
       9
      12
      26
      13
      19
      10
      20
      18
      11
      15
      14
      15
      23
      13
      20
      21
      18
      28
      14
      14
      15
      16
      12
      17
      13
      18
      13
      14
      19
      18
      21
      13
      13
      11
      10
       8
      21
      13
      13
      17
      16
      11
      11
      17
      10
      15
      11
      12
      14
       9
      17
       9
       8
      12
      18
      16
      11
      12
      11
       9
      12
      14
      15
      14
      13
      17
      13
      16
      18
      13
      11
      14
      18
       6
      12
      15
       8
       6
       8
      18
       9
       9
      18
       8
       7
       6
      11
      13
      13
      15
      14
      10
      12
      12
      16
      10
      13
      13
      18
      10
      17
      12
       9
       6
       8
      18
      13
      17
      16
      10
      14
      12
      11
      16
       9
      10
       9
       8
      12
      11
      15
       9
      14
       8
       4
      14
      11
       9
      21
      12
       8
      13
       9
      14
      12
      10
      10
      14
      18
       9
      12
       9
      11
       8
      16
      15
      11
       9
       2
       8
       6
      10
       4
      11
      12
      17
       6
      10
       7
      10
      13
       8
      12
       8
       7
      12
      10
      10
      11
       6
      11
       6
       7
       6
       8
      10
       8
      14
       6
      10
      11
       8
      10
      11
      12
      12
      10
       6
       9
       6
       8
       8
       2
       7
      15
      10
       7
       9
       7
       7
       9
      12
      11
       9
       5
       8
       7
      19
       5
      17
      16
       9
       8
      12
       7
       8
       9
       9
       7
      10
      11
       6
       9
       4
      13
       4
      11
      17
      10
       9
      12
       9
      12
       8
      11
      15
       6
       6
       8
       6
      10
      10
       7
      17
      11
      12
      17
      13
       6
       9
       6
       7
       9
      10
       8
      11
      12
       6
       9
       7
       4
       9
      11
       8
       6
      10
       8
      14
       9
       7
       5
       8
       6
       4
      13
       7
      10
      14
       9
       3
      13
      12
      11
      10
       8
       5
      15
       6
      13
      12
       7
       7
       9
      14
       7
      11
      10
      12
      10
       7
       6
      10
      11
       4
       7
      13
       6
      13
      12
      11
      12
      11
       7
      10
       9
       3
       4
      12
      10
      13
      11
      12
       6
      12
      12
       9
       9
      17
      15
      10
       6
       7
       5
      11
       7
      12
       6
      14
      15
       8
      17
       7
      13
      16
      12
       3
       5
      13
       7
      15
       9
       7
       5
      13
      18
      11
      11
      11
       8
       7
       6
       6
      12
      11
      12
       8
      10
       6
       7
       9
      10
       8
      13
      16
      12
      11
       5
      15
      11
       8
      10
      14
      11
      11
      24
       8
       9
      11
      13
      12
      10
       9
      12
      10
       9
      14
       9
       6
      11
       9
      10
       7
      13
       7
      13
       8
       8
      11
      15
      15
      11
      18
      12
      14
      11
      20
      13
      11
       9
      14
       9
       7
      14
      18
      15
       6
      15
      12
      10
      11
      11
      18
      13
      14
      11
      17
      15
      16
      12
      15
      14
      10
      19
      11
      13
      19
      13
      20
      21
      13
      12
      20
      13
      20
      16
      21
      27
      26
      19
      25
      11
      18
      20
      15
      25
      14
      23
      34
      19
      26
      19
      19
      21
      14
      27
      30
      27
      23
      33
      26
      33
      21
      23
      31
      30
      29
      28
      28
      34
      44
      41
      21
      29
      37
      34
      48
      29
      34
      30
      42
      39
      30
      45
      49
      46
      48
      41
      43
      56
      58
      31
      41
      58
      58
      48
      49
      47
      59
      72
      64
      57
      78
      51
      53
      69
      70
      66
      86
      69
      81
      66
      70
      82
      83
      91
     105
      92
      92
      93
      74
      91
      96
      99
     111
     109
     108
     127
     110
     114
     138
     124
     136
     135
     135
     126
     122
     116
     146
     171
     136
     146
     145
     174
     150
     151
     160
     171
     171
     180
     189
     187
     193
     182
     185
     194
     200
     185
     191
     211
     208
     224
     230
     246
     249
     237
     235
     243
     238
     246
     271
     256
     280
     256
     294
     297
     292
     303
     303
     322
     348
     346
     348
     329
     384
     376
     394
     389
     353
     403
     370
     440
     444
     379
     420
     428
     471
     482
     454
     447
     447
     479
     471
     538
     521
     495
     538
     549
     583
     570
     572
     590
     626
     652
     641
     641
     630
     686
     649
     726
     706
     701
     720
     729
     737
     741
     734
     737
     758
     859
     831
     829
     852
     908
     880
     846
     858
     794
     853
     837
     885
     878
     891
     899
     898
     858
     849
     859
     866
     799
     822
     787
     810
     849
     791
     728
     769
     721
     707
     687
     691
     626
     573
     561
     520
     503
     494
     502
     441
     423
     434
     397
     391
     329
     336
     303
     276
     268
     259
     252
     209
     215
     187
     167
     148
     143
     131
     114
      83
      93
      82
      97
      68
      59
      82
      60
      48
      53
      33
      42
      29
      30
      30
      24
      27
      25
      32
      24
      15
      20
      24
      17
      19
      15
      16
      15
      21
      10
      14
      17
      13
      18
      13
      15
      11
       9
       6
      13
      11
      10
      14
       8
       6
      11
      15
      16
       3
       8
       8
       6
       5
       5
      12
       9
       5
       7
      10
       7
       6
       5
       3
       7
       8
       5
       6
       5
       6
       1
       1
       6
       5
       6
       4
       4
       2
       0
       3
       6
       4
       6
       3
       4
       4
       4
       2
       1
       4
       5
       3
       3
       5
       3
       2
       2
       2
       5
       5
       4
       2
       2
       4
       3
       6
       3
       3
       6
       2
       5
       3
       6
       0
       2
       5
       3
       4
       6
       3
       2
       1
       3
       4
       1
       3
       4
       3
       5
       1
       1
       4
       4
       2
       1
       2
       0
       3
       4
       1
       5
       1
       2
       1
       1
       4
       1
       2
       2
       1
       3
       3
       2
       4
       4
       2
       2
       1
       0
       2
       3
       2
       1
       2
       0
       3
       2
       3
       2
       3
       3
       2
       2
       1
       2
       3
       2
       1
       3
       3
       2
       1
       5
       4
       1
       1
       2
       4
       1
       2
       4
       1
       2
       0
       3
       1
       0
       2
       2
       3
       3
       1
       3
       0
       3
       1
       3
       1
       1
       2
       2
       1
       1
       3
       3
       2
       2
       0
       0
       3
       2
       1
       0
       6
       3
       2
       0
       3
       1
       1
       3
       1
       1
       2
       2
       3
       0
       3
       1
       1
       3
       3
       2
       3
       2
       3
       2
       1
       1
       0
       2
       1
       3
       1
       1
       3
       1
       1
       1
       3
       4
       1
       0
       2
       3
       3
       1
       2
       0
       3
       2
       1
       3
       2
       1
       4
       1
       1
       1
       0
       0
       4
       2
       1
       2
       0
       4
       0
       2
       0
       1
       0
       4
       0
       2
       3
       0
       2
       2
       0
       2
       1
       1
       1
       3
       2
       4
       1
       0
       2
       3
       2
       2
       1
       1
       1
       2
       0
       1
       0
       1
       0
       0
       1
       2
       2
       2
       1
       1
       2
       0
       1
       1
       1
       0
       2
       1
       2
       0
       0
       1
       1
       2
       0
       2
       0
       0
       1
       0
       1
       0
       2
       1
       1
       5
       1
       3
       0
       1
       0
       3
       1
       1
       1
       4
       1
       0
       0
       2
       1
       2
       2
       0
       1
       0
       2
       2
       2
       2
       1
       1
       2
       3
       3
       2
       1
       2
       1
       2
       2
       2
       2
       3
       0
       1
       4
       1
       1
       1
       0
       0
       0
       2
       1
       1
       2
       1
       1
       0
       1
       1
       1
       1
       0
       0
       1
       1
       0
       0
       1
       0
       0
       3
       2
       0
       1
       0
       1
       0
       1
       0
       2
       0
       1
       1
       1
       0
       2
       0
       0
       2
       1
       0
       2
       2
       3
       2
       0
       1
       0
       0
       0
       2
       1
       1
       3
       0
       1
       1
       1
       0
       2
       3
       1
       2
       0
       3
       0
       4
       0
       1
       2
       0
       2
       0
       1
       2
       1
       0
       0
       0
       0
       2
       0
       1
       2
       0
       1
       0
       2
       2
       5
       1
       2
       1
       1
       0
       2
       2
       0
       0
       1
       0
       1
       2
       0
       1
       0
       0
       0
       1
       2
       0
       2
       1
       1
       1
       1
       0
       1
       2
       0
       0
       1
       1
       0
       1
       4
       1
       1
       1
       1
       0
       0
       1
       1
       0
       0
       0
       2
       0
       0
       2
       3
       0
       0
       1
       2
       0
       0
       3
       1
       2
       0
       2
       1
       1
       1
       1
       0
       3
       1
       1
       0
       0
       1
       0
       1
       1
       3
       1
       1
       0
       0
       2
       0
       4
       0
       1
       2
       0
       1
       1
       1
       2
       1
       1
       3
       0
       0
       2
       0
       0
       0
       0
       1
       0
       0
       0
       0
       2
       0
       1
       0
       0
       1
       2
       0
       1
       0
       1
       0
       2
       0
       2
       0
       0
       0
       0
       0
       2
       0
       2
       1
       0
       2
       0
       0
       1
       1
       2
       1
       2
       0
       1
       1
       0
       0
       0
       0
       0
       0
       3
       3
       2
       0
       1
       1
       1
       1
       1
       1
       1
       1
       1
       1
       0
       2
       2
       0
       1
       3
       1
       0
       1
       0
       1
       0
       1
       1
       1
       1
       1
       0
       1
       0
       0
       0
       0
       2
       0
       1
       0
       1
       0
       1
       0
       0
       0
       2
       0
       1
       0
       1
       1
       1
       1
       0
       1
       0
       2
       1
       1
       1
       0
       1
       0
       1
       2
       1
       0
       1
       1
       1
       2
       1
       0
       0
       0
       2
       0
       0
       1
       0
       1
       3
       2
       2
       2
       1
       1
       1
       1
       1
       1
       1
       2
       0
       2
       1
       0
       2
       0
       1
       3
       1
       2
       2
       0
       1
       0
       1
       2
       0
       0
       1
       2
       1
       0
       1
       1
       1
       2
       1
       1
       0
       1
       1
       2
       0
       1
       0
       1
       1
       1
       0
       0
       1
       0
       0
       1
       2
       1
       0
       2
       1
       0
       4
       0
       1
       3
       0
       0
       1
       3
       1
       1
       0
       2
       0
       2
       3
       0
       0
       1
       2
       1
       1
       1
       1
       2
       0
       1
       0
       1
       0
       1
       0
       1
       1
       1
       2
       0
       3
       0
       1
       0
       2
       1
       4
       1
       1
       1
       0
       0
       2
       3
       3
       2
       0
       0
       2
       1
       1
       0
       1
       0
       1
       1
       0
       1
       0
       0
       2
       0
       1
       1
       0
       1
       0
       0
       0
       0
       0
       0
       1
       2
       3
       1
       2
       4
       0
       2
       2
       0
       1
       0
       2
       0
       1
       0
       0
       0
       2
       1
       1
       1
       1
       0
       0
       0
       0
       0
       0
       0
       1
       1
       1
       0
       0
       0
       0
       0
       1
       1
       1
       1
       0
       0
       1
       0
       0
       2
       3
       0
       1
       2
       2
       1
       2
       0
       0
       1
       1
       1
       1
       0
       1
       0
       0
       2
       0
       0
       0
       2
       0
       0
       2
       1
       0
       0
       0
       1
       1
       3
       0
       0
       0
       0
       0
       0
       0
       0
       0
       1
       0
       0
       0
       1
       1
       1
       0
       2
       1
       2
       1
       0
       0
       2
       0
       1
       0
       0
       1
       0
       1
       2
       0
       1
       2
       0
       2
       2
       1
       0
       1
       1
       0
       0
       2
       0
       1
       0
       1
       1
       1
       0
       0
       0
       0
       0
       1
       1
       2
       0
       1
       4
       0
       1
       0
       0
       0
       0
       0
       0
       0
       1
       1
       0
       1
       0
       0
       0
       0
       0
       0
       2
       0
       1
       1
       2
       0
       0
       1
       0
       0
       1
       0
       0
       0
       0
       1
       0
       1
       1
       0
       2
       0
       0
       0
       0
       0
       0
       0
       4
       1
       0
       0
       1
       0
       1
       1
       0
       0
       0
       0
       0
       1
       0
       2
       0
       1
       2
       0
       2
       1
       0
       0
       0
       0
       2
       2
       2
       2
       0
       1
       0
       0
       1
       1
       0
       1
       0
       0
       0
       0
       1
       1
       0
       1
       0
       0
       1
       0
       1
       0
       2
       3
       0
       0
       0
       0
       2
       1
       0
       0
       0
       0
       0
       0
       2
       1
       0
       0
       0
       1
       0
       0
       1
       1
       0
       2
       1
       0
       0
       0
       2
       1
       0
       1
       0
       0
       0
       1
       0
       0
       0
       1
       0
       0
       0
       0
       0
       1
       1
       1
       0
       0
       1
       1
       0
       0
       0
       1
       0
       0
       2
       1
       0
       0
       0
       1
       1
       1
       2
       0
       1
       1
       0
       0
       1
       0
       1
       1
       0
       2
       1
       0
       1
       0
       0
       1
       0
       0
       1
       0
       0
       0
       0
       0
       0
       1
       0
       1
       0
       2
       1
       0
       3
       1
       0
       0
       0
       2
       1
       0
       0
       0
       0
       0
       0
       1
       1
       0
       0
       2
       1
       0
       1
       2
       2
       0
       0
       0
       2
       0
       0
       1
       1
       1
       2
       0
       0
       0
       0
       1
       2
       0
       1
       0
       1
       0
       0
       1
       0
       1
       0
       0
       2
       2
       0
       1
       2
       0
       1
       0
       0
       1
       0
       2
       0
       0
       0
       1
       0
       1
       2
       0
       0
       0
       1
       0
       0
       0
       1
       0
       0
       1
       0
       0
       0
       1
       0
       0
       0
       2
       0
       0
       1
       0
       0
       1
       1
       0
       2
       0
       1
       0
       0
       1
       0
       0
       0
       1
       0
       1
       0
       1
       0
       0
       1
       0
       0
       0
       0
       0
       0
       1
       1
       0
       2
       1
       0
       1
       2
       0
       1
       2
       0
       0
       0
       1
       0
       0
       2
       0
       0
       0
       0
       0
       1
       0
       1
       1
       0
       1
       1
       1
       0
       1
       0
       0
       0
       2
       1
       2
       0
       2
       2
       1
       1
       0
       2
       0
       0
       2
       1
       0
       0
       1
       2
       0
       2
       0
       1
       0
       0
       0
       0
       0
       1
       2
       1
       0
       0
       0
       1
       0
       2
       1
       1
       1
       0
       0
       1
       0
       0
       0
       0
       0
       0
       0
       0
       0
       1
       0
       0
       3
       0
       0
       0
       0
       0
       2
       0
       1
       1
       1
       0
       1
       1
       0
       0
       0
       0
       0
       1
       2
       1
       0
       0
       1
       1
       0
       1
       0
       1
       1
       1
       0
       0
       0
       1
       1
       0
       0
       0
       0
       0
       0
       0
       1
       0
       2
       1
       0
       1
       0
       2
       0
       0
       1
       0
       0
       0
       0
       1
       1
       1
       0
       0
       0
       0
       0
       0
       0
       0
       0
       1
       0
       1
       0
       1
       1
       1
       0
       0
       0
       1
       1
       0
       0
       0
       1
       0
       0
       0
       0
       0
       0
       0
       1
       0
       0
       0
       0
       0
       0
       0
       0
       0
       0
       0
       0
       0
       0
       0
       1
       0
       0
       1
       1
       0
       0
       2
       0
       0
       0
       0
       0
       0
       1
       0
       0
       0
       1
       0
       0
       0
       0
       0
       0
       2
       0
       0
       0
       0
       1
       0
       1
       0
       1
       0
       1
       0
       1
       1
       1
       0
       0
       1
       0
       1
       1
       2
       0
       1
       0
       1
       1
       1
       1
       0
       0
       0
       1
       1
       0
       0
       0
       0
       0
       0
       1
       0
       0
       1
       0
       1
       0
       0
       1
       1
       0
       0
       3
       0
       0
       0
       2
       0
       0
       0
       0
       0
       2
       0
       1
       0
       0
       0
       0
       1
       1
       0
       0
       1
       0
       0
       0
       1
       1
       0
       0
       1
       2
       1
       0
       0
       0
       0
       0
       1
       0
       0
       0
       0
       0
       1
       0
       1
       2
       0
       0
       1
       1
       0
       0
       0
       0
       0
       1
       0
       0
       0
       0
       0
       1
       0
       0
       1
       0
       0
       1
       0
       0
       0
       1
       0
       0
       0
       0
       0
       1
       0
       0
       1
       0
       0
       1
       1
       0
       0
       1
       0
       0
       1
       0
       0
       0
       0
       0
       0
       0
       0
       0
       0
       0
       0
       0
       0
       0
       0
       0
       0
       0
       1
       1
       0
       0
       0
       0
       1
       1
       0
       1
       0
       1
       0
       0
       1
       0
       0
       0
       0
       0
       0
       0
       1
       0
       0
       1
       0
       0
       0
       0
       1
       1
       0
       3
       0
       0
       0
       0
       0
       0
       0
       0
       1
       1
       0
       0
       0
       0
       0
       0
       0
       1
       0
       0
       0
       0
       0
       2
       0
       0
       1
       0
       0
       0
       0
       0
       1
       1
       0
       0
       0
       1
       1
       0
       2
       1
       0
       0
       0
       1
       0
       0
       0
       0
       0
       2
       1
       2
       0
       0
       3
       0
       0
       0
       0
       0
       0
       0
       1
       0
       0
       0
       1
       0
       0
       2
       1
       0
       0
       0
       0
       1
       0
       1
       1
       1
       1
       0
       0
       1
       1
       0
       0
       1
       1
       3
       1
       0
       0
       0
       0
       0
       0
       0
       1
       0
       0
       1
       0
       0
       0
       0
       0
       1
       0
       0
       0
       0
       1
       0
       1
       0
       0
       0
       0
       1
       0
       0
       0
       2
       0
       0
       0
       1
       0
       0
       0
       1
       1
       0
       1
       1
       0
       0
       0
       0
       1
       0
       0
       0
       0
       0
       0
       0
       0
       0
       0
       0
       0
       0
       0
       0
       0
       0
       0
       0
       0
       0
       0
       1
       0
       0
       0
       0
       1
       0
       1
       0
       0
       1
       0
       0
       0
       1
       0
       0
       0
       1
       0
       0
       2
       1
       0
       0
       0
       0
       1
       0
       0
       1
       0
       0
       0
       0
       0
       0
       0
       0
       0
       0
       0
       1
       2
       0
       0
       0
       1
       0
       0
       0
       0
       1
       0
       0
       0
       0
       0
       1
       0
       0
       1
       1
       0
       0
       0
       0
       1
       1
       0
       0
       0
       2
       0
       0
       0
       0
       0
       1
       0
       0
       0
       0
       0
       0
       0
       0
       0
       0
       0
       0
       0
       0
       0
       0
       0
       0
       0
       1
       0
       0
       0
       1
       0
       0
       1
       0
       0
       0
       0
       0
       0
       0
       1
       0
       0
       0
       0
       1
       1
       0
       0
       0
       0
       0
       0
       0
       0
       0
       0
       1
       2
       0
       1
       0
       0
       0
       0
       0
       0
       0
       0
       0
       0
       0
       0
       0
       0
       0
       0
       0
       0
       0
       1
       1
       0
       0
       0
       0
       0
       1
       0
       1
       0
       0
       1
       0
       1
       0
       0
       0
       0
       0
       0
       0
       0
       0
       0
       1
       0
       0
       0
       0
       0
       0
       0
       0
       0
       0
       0
       1
       0
       0
       0
       0
       0
       1
       0
       1
       0
       0
       0
       0
       0
       0
       0
       0
       0
       0
       0
       0
       0
       0
       0
       0
       0
       0
       1
       1
       0
       0
       0
       0
       2
       0
       0
       0
       0
       0
       0
       0
       0
       0
       0
       0
       0
       0
       0
       0
       0
       0
       0
       0
       1
       0
       1
       1
       0
       0
       0
       0
       0
       0
       0
       0
       1
       0
       0
       1
       0
       0
       0
       0
       0
       0
       0
       0
       0
       0
       0
       1
       2
       0
       0
       0
       0
       0
       0
       0
       0
       0
       0
       0
       0
       0
       0
       0
       0
       0
       0
       0
       1
       0
       0
       0
       0
       1
       0
       0
       0
       0
       0
       0
       0
       0
       0
       0
       0
       1
       0
       0
       0
       0
       0
       0
       0
       0
       0
       0
       0
       0
       0
       0
       0
       0
       0
       0
       0
       0
       0
       0
       0
       0
       0
       0
       0
       0
       0
       0
       0
       0
       0
       0
       0
       0
       0
       0
       1
       0
       0
       0
       0
       0
       0
       0
       0
       0
       0
       0
       0
       0
       0
       0
       0
       0
       0
       0
       0
       0
       0
       0
       1
       0
       0
       0
       0
       0
       0
       1
       0
       1
       0
       0
       0
       0
       0
       1
       0
       0
       0
       0
       0
       0
       0
       1
       0
       0
       0
       0
       0
       0
       0
       0
       0
       0
       0
       0
       0
       0
       0
       0
       0
       0
       0
       0
       0
       1
       0
       0
       0
       1
       0
       0
       0
       0
       0
       0
       0
       0
       1
       0
       0
       0
       0
       1
       0
       0
       0
       1
       0
       0
       0
       0
       0
       0
       0
       1
       0
       0
       0
       0
       0
       0
       0
       1
       0
       0
       0
       0
       0
       0
       0
       0
       0
       1
       0
       0
       0
       0
       1
       0
       0
       0
       0
       0
       0
       0
       0
       1
       0
       0
       0
       0
       0
       0
       1
       1
       0
       0
       0
       0
       0
       0
       0
       0
       0
       0
       0
       0
       0
       1
       0
       0
       0
       0
       0
       0
       0
       0
       0
       1
       0
       0
       0
       0
       0
       0
       0
       0
       0
       0
       0
       1
       0
       0
       0
       0
       0
       0
       0
       0
       0
       0
       0
       0
       0
       0
       0
       0
       0
       0
       0
       0
       0
       0
       0
       1
       0
       0
       0
       0
       0
       0
       1
       0
       1
       1
       0
       0
       1
       0
       0
       0
       0
       0
       0
       0
       0
       0
       0
       0
       0
       0
       1
       0
       0
       0
       0
       0
       0
       0
       1
       0
       0
       0
       0
       0
       0
       0
       0
       1
       0
       0
       0
       0
       0
       0
       0
       1
       0
       1
       0
       0
       0
       0
       0
       0
       0
       0
       0
       0
       0
       0
       1
       0
       0
       0
       0
       0
       0
       0
       0
       0
       0
       0
       0
       0
       0
       0
       0
       0
       0
       0
       0
       0
       0
       0
       0
       0
       0
       0
       0
       0
       0
       0
       0
       0
       0
       0
       0
       0
       0
       0
       0
       0
       1
       0
       0
       0
       0
       0
       0
       0
       0
       0
       0
       0
       0
       0
       0
       0
       1
       0
       0
       1
       0
       1
       0
       0
       0
       0
       2
       0
       0
       0
       0
       0
       0
       0
       0
       0
       0
       0
       1
       0
       0
       0
       0
       0
       0
       0
       0
       1
       0
       0
       0
       0
       0
       0
       0
       0
       0
       0
       0
       0
       0
       2
       0
       0
       0
       0
       0
       0
       0
       2
       0
       0
       0
       0
       0
       0
       0
       0
       0
       0
       0
       0
       0
       0
       0
       0
       0
       0
       0
       0
       0
       0
       0
       0
       0
       0
       1
       0
       0
       0
       0
       0
       0
       0
       0
       0
       0
       0
       1
       0
       0
       0
       0
       0
       0
       0
       0
       0
       0
       0
       0
       0
       0
       1
       1
       0
       0
       0
       0
       1
       0
       0
       0
       0
       0
       0
       0
       0
       0
       0
       1
       1
       0
       0
       0
       0
       0
       0
       0
       0
       0
       0
       0
       0
       0
       0
       0
       0
       0
       0
       0
       0
       0
       0
       0
       0
       0
       0
       0
       0
       0
       0
       0
       0
       0
       0
       0
       0
       0
       0
       0
       0
       0
       0
       0
       0
       0
       0
       0
       0
       0
       0
       0
       1
       0
       0
       1
       0
       0
       0
       0
       0
       0
       0
       0
       0
       0
       0
       0
       0
       0
       0
       0
       0
       1
       0
       0
       0
       0
       0
       0
       1
       0
       0
       0
       0
       0
       0
       0
       0
       0
       0
       0
       0
       0
       0
       0
       0
       0
       0
       0
       0
       0
       0
       0
       1
       0
       1
       0
       0
       0
       0
       0
       0
       1
       0
       1
       0
       1
       0
       0
       0
       0
       1
       0
       0
       0
       0
       0
       0
       0
       0
       0
       0
       0
       0
       1
       0
       0
       0
       0
       0
       1
       0
       0
       1
       0
       1
       0
       0
       0
       0
       0
       0
       0
       0
       0
       0
       0
       0
       0
       0
       0
       0
       0
       0
       0
       0
       0
       0
       1
       0
       0
       1
       0
       0
       1
       0
       0
       0
       0
       0
       0
       0
       0
       0
       0
       0
       0
       0
       0
       0
       0
       0
       0
       0
       0
       0
       0
       0
       0
       0
       0
       0
       0
       0
       0
       0
       0
       0
       0
       0
       0
       0
       0
       0
       0
       0
       0
       0
       0
       0
       0
       0
       1
       0
       0
       0
       0
       1
       1
       0
       0
       0
       0
       0
       0
       0
       0
       1
       0
       0
       0
       1
       0
       0
       0
       1
       0
       0
       0
       0
       0
       0
       0
       0
       0
       0
       0
       1
       0
       0
       0
       0
       0
       0
       0
       0
       0
       0
       0
       0
       0
       0
       0
       0
       0
       0
       0
       0
       0
       0
       0
       0
       0
       0
       0
       0
       0
       0
       0
       0
       0
       0
       0
       0
       0
       0
       0
       0
       0
       0
       0
       0
       0
       0
       0
       0
       0
       0
       1
       0
       0
       0
       0
       0
       1
       1
       1
       0
       0
       0
       0
       0
       0
       0
       0
       0
       0
       0
       0
       0
       0
       0
       0
       0
       0
       0
       0
       1
       0
       0
       0
       0
       0
       0
       0
       1
       0
       0
       0
       0
       0
       0
       0
       0
       0
       0
       0
       0
       0
       0
       0
       0
       1
       0
       0
       0
       0
       0
       0
       0
       0
       0
       1
       0
       1
       0
       1
       0
       0
       0
       0
       0
       0
       0
       0
       0
       0
       0
       0
       0
       0
       0
       0
       0
       0
       0
       0
       0
       0
       0
       0
       0
       1
       0
       0
       1
       0
       0
       0
       0
       0
       0
       0
       0
       0
       0
       0
       0
       0
       0
       1
       0
       0
       1
       0
       0
       0
       0
       0
       0
       0
       0
       0
       0
       0
       0
       0
       0
       0
       0
       0
       0
       0
       0
       0
       0
       0
       0
       0
       0
       1
       0
       0
       0
       0
       0
       0
       0
       0
       0
       0
       0
       0
       0
       0
       0
       0
       0
       0
       0
       0
       0
       0
       0
       0
       0
       0
       0
       0
       0
       0
       0
       0
       0
       0
       0
       0
       0
       0
       0
       0
       0
       0
       0
       0
       0
       1
       0
       0
       0
       0
       0
       0
       0
       0
       0
       0
       0
       0
       0
       0
       0
       0
       0
       0
       0
       0
       0
       0
       0
       0
       0
       0
       0
       1
       0
       0
       0
       0
       0
       0
       0
       0
       0
       0
       0
       0
       0
       0
       0
       0
       0
       0
       0
       0
       0
       0
       1
       0
       0
       0
       0
       0
       0
       0
       0
       0
       0
       0
       0
       0
       0
       0
       0
       0
       0
       0
       0
       0
       0
       0
       0
       0
       0
       0
       0
       0
       0
       0
       0
       0
       0
       0
       0
       0
       0
       0
       0
       0
       0
       0
       0
       0
       0
       0
       0
       0
       0
       0
       0
       0
       0
       0
       0
       0
       0
       0
       0
       0
       0
       0
       0
       0
       0
       0
       0
       0
       0
       0
       0
       0
       0
       0
       0
       0
       0
       0
       0
       0
       0
       0
       0
       0
       0
       0
       0
       0
       0
       0
       0
       0
       0
       0
       0
       0
       0
       0
       0
       0
       0
       0
       0
       0
       0
       0
       0
       0
       0
       0
       0
       0
       0
       0
       0
       0
       0
       0
       0
       0
       0
       0
       0
       0
       0
       0
       0
       0
       0
       0
       0
       0
       0
       0
       0
       0
       0
       0
       0
       0
       0
       0
       0
       0
       0
       0
       0
       0
       0
       0
       0
       0
       0
       0
       0
       0
       0
       0
       0
       0
       0
       0
       0
       0
       0
       0
       0
       0
       0
       0
       0
       0
       0
       0
       0
       0
       0
       0
       0
       0
       0
       0
       0
       0
       0
       0
       0
       0
       0
       0
       0
       0
       0
       0
       0
       0
       0
       0
       0
       0
       0
       0
       0
       0
       0
       0
       0
       0
       0
       0
       0
       0
       0
       0
       0
       0
       0
       0
       0
       0
       0
       0
       0
       0
       0
       0
       0
       0
       0
       0
       0
       0
       0
       0
       0
       0
       0
       0
       0
       0
       0
       0
       0
       0
       0
       0
       0
       0
       0
       0
       0
       0
       0
       0
       0
       0
       0
       0
       0
       0
       0
       0
       0
       0
       0
       0
       0
       0
       0
       0
       0
       0
       0
       0
       0
       0
       0
       0
       0
       0
       0
       0
       0
       0
       0
       0
       0
       0
       0
       0
       0
       0
       0
       0
       0
       0
       0
       0
       0
       0
       0
       0
       0
       0
       0
       0
       0
       0
       0
       0
       0
       0
       0
       0
       0
       0
       0
       0
       0
       0
       0
       0
       0
       0
       0
       0
       0
       0
       0
       0
       0
       0
       0
       0
       0
       0
       0
       0
       0
       0
       0
       0
       0
       0
       0
       0
       1
       0
       0
       0
       0
       0
       0
       0
       0
       0
       0
       0
       0
       0
       0
       0
       0
       0
       0
       0
       0
       0
       0
       0
       0
       0
       0
       0
       0
       0
       0
       0
       0
       0
       0
       0
       0
       0
       0
       0
       0
       0
       0
       0
       0
       0
       0
       0
       0
       0
       0
       0
       0
       0
       0
       0
       0
       0
       0
       0
       0
       0
       0
       0
       0
       0
       0
       0
       0
       0
       0
       0
       0
       0
       0
       0
       0
       0
       0
       0
       0
       0
       0
       0
       0
       0
       0
       0
       0
       0
       0
       0
       0
       0
       0
       0
       0
       0
       0
       0
       0
       0
       0
       0
       0
       0
       0
       0
       0
       0
       0
       0
       0
       0
       0
       0
       0
       0
       0
       0
       0
       0
       0
       0
       0
       0
       0
       0
       0
       0
       0
       0
       0
       0
       0
       0
       0
       0
       0
       0
       0
       0
       0
       0
       0
       0
       0
       0
       0
       0
       0
       0
       0
       0
       0
       0
       0
       0
       0
       0
       0
       0
       0
       0
       0
       0
       0
       0
       0
       0
       0
       0
       0
       0
       0
       0
       0
       0
       0
       0
       0
       0
       0
       1
       0
       0
       0
       0
       0
       0
       0
       0
       0
       0
       0
       0
       0
       0
       0
       0
       0
       0
       0
       0
       0
       0
       0
       0
       0
       0
       0
       0
       0
       0
       0
       0
       0
       0
       0
       0
       0
       0
       0
       0
       0
       0
       0
       0
       0
       0
       0
       0
       0
       0
       0
       0
       0
       0
       0
       0
       0
       0
       0
       0
       0
       0
       0
       0
       0
       0
       0
       0
       0
       0
       0
       0
       0
       0
       0
       0
       0
       0
       0
       0
       0
       0
       0
       0
       0
       0
       0
       0
       0
       0
       0
       0
       0
       0
       0
       0
       0
       0
       0
       0
       0
       0
       0
       0
       0
       0
       0
       0
       0
       0
       0
       0
       0
       0
       0
       0
       0
       0
       0
       0
       0
       0
       0
       0
       0
       0
       0
       0
       0
       0
       0
       0
       0
       0
       0
       0
       0
       0
       0
       0
       0
       0
       0
       0
       0
       0
       0
       0
       0
       0
       0
       0
       0
       0
       0
       0
       0
       0
       0
       0
       0
       0
       0
       0
       0
       0
       0
       0
       0
       0
       0
       0
       0
       0
       0
       0
       0
       0
       0
       0
       0
       0
       0
       0
       0
       0
       0
       0
       0
       0
       0
       0
       0
       0
       0
       0
       0
       0
       0
       0
       0
       0
       0
       0
       0
       0
       0
       0
       0
       0
       0
       0
       0
       0
       0
       0
       0
       0
       0
       0
       0
       0
       0
       0
       0
       0
       0
       0
       0
       0
       0
       0
       0
       0
       0
       0
       0
       1
       0
       0
       0
       0
       0
       0
       0
       0
       0
       0
       0
       0
       0
       0
       0
       0
       0
       0
       0
       0
       0
       0
       0
       0
       0
       0
       0
       0
       0
       0
       0
       0
       0
       0
       0
       0
       0
       0
       0
       0
       0
       0
       0
       0
       0
       0
       0
       0
       0
       0
       0
       0
       0
       0
       0
       0
       0
       0
       0
       0
       0
       0
       0
       0
       0
       0
       0
       0
       0
       0
       0
       0
       0
       0
       0
       0
       0
       0
       0
       0
       0
       0
       0
       0
       0
       0
       0
       0
       0
       0
       0
       0
       0
       0
       0
       0
       0
       0
       0
       0
       0
       0
       0
       0
       0
       0
       0
       0
       0
       0
       0
       0
       0
       0
       0
       0
       0
       0
       0
       0
       0
       0
       0
       0
       0
       0
       0
       0
       0
       0
       0
       0
       0
       0
       0
       0
       0
       0
       0
       0
       0
       0
       0
       0
       0
       0
       0
       0
       0
       0
       0
       0
       0
       0
       0
       0
       0
       0
       0
       0
       0
       0
       0
       0
       0
       0
       0
       0
       0
       0
       0
       0
       0
       0
       0
       0
       0
       0
       0
       0
       0
       0
       0
       0
       0
       0
       0
       0
       0
       0
       0
       0
       0
       0
       0
       0
       0
       0
       0
       0
       0
       0
       0
       0
       0
       0
       0
       0
       0
       0
       0
       0
       0
       0
       0
       0
       0
       0
       0
       0
       0
       0
       0
       0
       0
       0
       0
       0
       0
       0
       0
       0
       0
       0
       0
       0
       0
       0
       0
       0
       0
       0
       0
       0
       0
       0
       0
       0
       0
       0
       0
       0
       0
       0
       0
       0
       0
       0
       0
       0
       0
       0
       0
       0
       0
       0
       0
       0
       0
       0
       0
       0
       1
       0
       0
       0
       0
       0
       0
       0
       0
       0
       0
       0
       0
       0
       0
       0
       0
       0
       0
       0
       0
       0
       0
       0
       0
       0
       0
       0
       0
       0
       0
       0
       0
       0
       0
       0
       0
       0
       0
       0
       0
       0
       0
       0
       0
       0
       0
       0
       0
       0
       0
       0
       0
       0
       0
       0
       0
       0
       0
       0
       0
       0
       0
       0
       0
       0
       0
       0
       0
       0
       0
       0
       0
       0
       0
       0
       0
       0
       0
       0
       0
       0
       0
       0
       0
       0
       0
       0
       0
       0
       0
       0
       0
       0
       0
       0
       0
       0
       0
       0
       0
       0
       0
       0
       0
       0
       0
       0
       0
       0
       0
       0
       0
       0
       0
       0
       0
       0
       0
       0
       0
       0
       0
       0
       0
       0
       0
       0
       0
       0
       0
       0
       0
       0
       0
       0
       0
       0
       0
       0
       0
       0
       0
       0
       0
       0
       0
       0
       0
       0
       0
       0
       0
       0
       0
       0
       0
       0
       0
       0
       0
       0
       0
       0
       0
       0
       0
       0
       0
       0
       0
       0
       0
       0
       0
       0
       0
       0
       0
       0
       0
       0
       0
       0
       0
       0
       0
       0
       0
       0
       0
       0
       0
       0
       0
       0
       0
       0
       0
       0
       0
       0
       0
       0
       0
       0
       0
       0
       0
       0
       0
       0
       0
       0
       0
       0
       0
       0
       0
       0
       0
       0
       0
       0
       0
       0
       0
       0
       0
       0
       0
       0
       0
       0
       0
       0
       0
       0
       0
       0
       0
       0
       0
       0
       0
       0
       0
       0
       0
       0
       0
       0
       0
       0
       0
       0
       0
       0
       0
       0
       0
       0
       0
       0
       0
       0
       0
       0
       0
       0
       0
       0
       0
       0
       0
       0
       0
       0
       0
       0
       0
       0
       0
       0
       0
       0
       0
       0
       0
       0
       0
       0
       0
       0
       0
       0
       0
       0
       0
       0
       0
       0
       0
       0
       0
       0
       0
       0
       0
       0
       0
       0
       0
       0
       0
       0
       0
       0
       0
       0
       0
       0
       0
       0
       0
       0
       0
       0
       0
       0
       0
       0
       0
       0
       0
       0
       0
       0
       0
       0
       0
       0
       0
       0
       0
       0
       0
       0
       0
       0
       0
       0
       0
       0
       0
       0
       0
       0
       0
       0
       0
       0
       0
       0
       0
       0
       0
       0
       0
       0
       0
       0
       0
       0
       0
       0
       0
       0
       0
       0
       0
       0
       0
       0
       0
       0
       0
       0
       0
       0
       0
       0
       0
       0
       0
       0
       0
       0
       0
       0
       0
       0
       0
       0
       0
       0
       0
       0
       0
       0
       0
       0
       0
       0
       0
       0
       0
       0
       0
       0
       0
       0
       0
       0
       0
       0
       0
       0
       0
       0
       0
       0
       0
       0
       0
       0
       0
       0
       0
       0
       0
       0
       0
       0
       0
       0
       0
       0
       0
       0
       0
       0
       0
       0
       0
       0
       0
       0
       0
       0
       0
       0
       0
       0
       0
       0
       0
       0
       0
       0
       0
       0
       0
       0
       0
       0
       0
       0
       0
       0
       0
       0
       0
       0
       0
       0
       0
       0
       0
       0
       0
       0
       0
       0
       0
       0
       0
       0
       0
       0
       0
       0
       0
       0
       0
       0
       0
       0
       0
       0
       0
       0
       0
       0
       0
       0
       0
       0
       0
       0
       0
       0
       0
       0
       0
       0
       0
       0
       0
       0
       0
       0
       0
       0
       0
       0
       0
       0
       0
       0
       0
       0
       0
       0
       0
       0
       0
       0
       0
       0
       0
       0
       0
       0
       0
       0
       0
       0
       0
       0
       0
       0
       0
       0
       0
       0
       0
       0
       0
       0
       0
       0
       0
       0
       0
       0
       0
       0
       0
       0
       0
       0
       0
       0
       0
       0
       0
       0
       0
       0
       0
       0
       0
       0
       0
       0
       0
       0
       0
       0
       0
       0
       0
       0
       0
       0
       0
       0
       0
       0
       0
       0
       0
       0
       0
       0
       0
       0
       0
       0
       0
       0
       0
       0
       0
       0
       0
       0
       0
       0
       0
       0
       0
       0
       0
       0
       0
       0
       0
       0
       0
       0
       0
       0
       0
       0
       0
       0
       0
$ROI:
2
5468 5770
6121 6641
$PRESETS:
Live Time
120
0
$ENER_FIT:
0.000000 0.000000
$MCA_CAL:
3
0.000000E+000 0.000000E+000 0.000000E+000 
$SHAPE_CAL:
3
0.000000E+000 0.000000E+000 0.000000E+000
