$SPEC_ID:
HPGe
$SPEC_REM:
DET# 3
DETDESC# 927 SN 13239381 Input 1
AP# Maestro Version 7.01
$DATE_MEA:
04/06/2017 20:07:28
$MEAS_TIM:
300 301
$DATA:
0 1023
       0
       0
       0
       0
       0
       0
       0
       0
       0
       0
       0
       0
       0
       0
       0
       0
       0
       0
       0
     105
     421
     402
     353
     285
     302
     213
     224
     199
     212
     163
     169
     112
     125
     147
     118
      97
      90
      88
      90
      83
      63
      78
      70
      57
      64
      52
      67
      60
      56
      49
      53
      51
      44
      52
      49
      60
      63
      42
      63
      53
      55
      48
      42
      45
      47
      64
      56
      50
      54
      48
      50
      49
      64
      54
      57
      40
      66
      53
      63
      54
      53
      57
      71
      60
      49
      50
      66
      58
      44
      68
      57
      55
      64
      63
      51
      41
      39
      59
      44
      55
      60
      59
      54
      49
      54
      56
      68
      62
      49
      59
      62
      73
      67
      80
      68
      66
      65
      63
      67
      74
      61
      73
      72
      71
      61
      69
      76
      63
      64
      63
      54
      56
      71
      54
      73
      46
      52
      46
      41
      47
      46
      59
      58
      58
      49
      52
      46
      46
      44
      42
      33
      51
      43
      48
      40
      40
      36
      44
      52
      34
      30
      42
      33
      42
      47
      40
      37
      34
      35
      27
      37
      25
      25
      28
      37
      33
      20
      39
      31
      38
      30
      28
      26
      36
      39
      38
      25
      29
      23
      34
      31
      32
      30
      29
      32
      33
      29
      36
      30
      27
      23
      38
      30
      29
      33
      29
      30
      37
      31
      31
      33
      39
      32
      27
      20
      37
      32
      24
      19
      32
      36
      31
      29
      30
      24
      32
      22
      28
      19
      19
      18
      22
      26
      10
      11
      14
      17
      13
      16
       7
      19
      15
      18
      11
      19
      14
      12
      14
      18
       5
       8
       7
      10
      14
       8
       5
      13
      16
      11
       8
      10
      12
      11
       8
       9
      12
       6
       6
      10
      10
       9
       8
       7
       7
       7
       6
       6
       5
       8
       7
       5
       6
       9
       4
      10
      10
      10
       9
      10
       8
       7
       7
       7
       5
       6
       4
       9
      11
       9
      11
       5
       7
       6
       8
       4
       6
       9
      13
      11
      12
       5
      12
       8
      10
      10
       5
       9
       6
       7
      10
      12
      18
      17
      13
      25
      21
      19
      22
      31
      28
      36
      36
      45
      39
      46
      57
      63
      61
      67
      73
      70
      90
      96
      91
     106
     102
     126
     107
     112
     101
     112
      97
      95
      73
      70
      57
      54
      30
      27
      18
      19
      10
      12
       7
       8
       2
       6
       4
       2
       8
       1
       3
       3
       3
       9
       5
       2
       7
       3
       8
       3
       4
       3
       7
       5
       5
       4
       2
       3
       4
       3
       1
       4
       4
       7
       1
       5
       5
       2
       5
       3
       5
       5
       6
       3
       3
       3
       4
       4
       4
       4
       3
       3
       5
       3
       4
       2
       2
      11
       5
       3
       6
       1
       3
       3
       4
       4
       2
       0
       2
       1
       3
       2
       5
       3
       4
       4
       5
       4
       2
       7
       3
       2
       0
       3
       2
       5
       4
       4
       6
       1
       1
       2
       3
       2
       5
       5
       4
       4
       3
       5
       4
       6
       4
       4
       3
       5
       0
       3
       4
       5
       2
       3
       1
       5
       3
       6
       8
       6
       2
       6
       4
       2
       5
       3
       5
       3
       7
       3
       4
       4
       2
       2
       9
       2
       2
       2
       5
       4
       1
       4
       3
       5
       5
       0
       5
       2
       1
       6
       5
       4
       2
       3
       8
       5
       1
       3
       4
       5
       1
       4
       2
       5
       2
       0
       3
       5
       4
       3
       5
       2
       4
       3
       4
       5
       7
       4
       4
       4
       1
       3
       5
       2
       4
       5
       2
       5
       5
       5
       2
       2
       4
       1
       5
       3
       3
       7
       2
       6
       1
       4
       4
       1
       3
       7
       1
       2
       9
       2
       4
       3
       2
       5
       6
       4
       5
       4
       3
       5
       3
       3
       3
       3
       7
       5
       8
       1
       2
       7
       3
       5
       9
       4
       6
       2
       4
       5
       5
       1
       3
       1
       5
       3
       2
       3
       1
       0
       5
       3
       2
       2
       3
       7
       2
       1
       3
       8
       2
       6
       6
       4
       6
       5
       5
       5
       6
       4
       1
       6
       4
       3
       5
       3
       5
       5
       6
       4
       5
       1
       3
       8
       7
       3
       6
       2
       3
       2
       4
       4
       6
       3
      10
       2
      10
       3
       4
       4
       4
       1
       7
       5
       7
       5
       1
       7
       5
       7
       5
       2
       3
       5
       6
       4
       7
       2
       2
       9
       3
       9
       7
       8
       3
       3
       2
       6
       5
       4
       3
       4
       3
       2
       4
       6
       2
       3
       5
       4
       3
       6
       5
       4
       5
       5
       4
       5
       4
       4
       2
       4
       6
       1
       4
       1
       4
       6
       5
       3
       8
       5
       1
       0
       3
       4
       0
       1
       3
       2
       4
       0
       1
       4
       1
       2
       2
       4
       2
       0
       2
       1
       1
       1
       1
       0
       1
       0
       2
       1
       2
       0
       0
       0
       2
       0
       1
       1
       1
       0
       1
       1
       0
       1
       0
       0
       0
       1
       1
       0
       1
       1
       0
       0
       0
       0
       1
       1
       0
       0
       0
       1
       0
       0
       0
       0
       1
       0
       1
       0
       2
       1
       0
       0
       0
       0
       2
       2
       1
       2
       0
       0
       1
       0
       2
       0
       0
       2
       2
       1
       0
       0
       2
       0
       0
       0
       1
       2
       1
       1
       0
       3
       2
       2
       4
       2
       1
       0
       2
       2
       1
       0
       2
       0
       3
       4
       2
       1
       2
       4
       2
       4
       4
       3
       3
       1
       3
       2
       5
       3
       6
       9
       1
       5
       5
       4
       0
       4
       3
       7
       4
       6
       4
       7
       6
       3
       4
       9
       4
       9
       4
       5
       6
       2
       3
       5
       6
       2
       2
       5
       7
       8
       5
       2
       4
       5
       2
       2
       4
       1
       1
       1
       4
       0
       0
       2
       0
       0
       0
       0
       0
       0
       0
       0
       0
       1
       0
       0
       0
       2
       0
       0
       0
       0
       0
       0
       0
       0
       1
       0
       0
       0
       0
       1
       0
       0
       0
       0
       0
       0
       0
       0
       1
       0
       0
       0
       0
       0
       0
       0
       0
       0
       0
       1
       0
       0
       0
       0
       0
       0
       0
       0
       0
       0
       0
       0
       0
       0
       0
       0
       0
       0
       0
       0
       0
       0
       0
       0
       0
       0
       0
       0
       0
       0
       0
       0
       0
       0
       0
       0
       0
       0
       0
       1
       0
       0
       0
       0
       0
       0
       1
       0
       1
       0
       0
       0
       1
       1
       0
       0
       0
       0
       0
       0
       0
       0
       0
       1
       0
       0
       0
       0
       0
       0
       0
       0
       0
       0
       0
       0
       0
       0
       0
       0
       0
       0
       0
$ROI:
1
319 361
$PRESETS:
Live Time
300
0
$ENER_FIT:
0.000000 0.000000
$MCA_CAL:
3
0.000000E+000 0.000000E+000 0.000000E+000 
$SHAPE_CAL:
3
0.000000E+000 0.000000E+000 0.000000E+000
