1tally        2        nps =  3735032210
           tally type 2    particle flux averaged over a surface.       units   1/cm**2        
           particle(s): neutrons 

           areas   
                surface:      10                                                                                   
                         9.22887E-01
 
 surface  10                                                                                                                           
      energy   
    0.0000E+00   0.00000E+00 0.0000
    2.5000E-08   4.53714E-07 0.0348
    1.0071E-01   2.91828E-02 0.0001
    2.0143E-01   4.02276E-02 0.0001
    3.0214E-01   4.75482E-02 0.0001
    4.0286E-01   5.27804E-02 0.0001
    5.0357E-01   5.54284E-02 0.0001
    6.0429E-01   5.66889E-02 0.0001
    7.0500E-01   5.78165E-02 0.0001
    8.0571E-01   5.78751E-02 0.0001
    9.0643E-01   5.70521E-02 0.0001
    1.0071E+00   5.62597E-02 0.0001
    1.1079E+00   5.50934E-02 0.0001
    1.2086E+00   5.39429E-02 0.0001
    1.3093E+00   5.23512E-02 0.0001
    1.4100E+00   5.07081E-02 0.0001
    1.5107E+00   4.90357E-02 0.0001
    1.6114E+00   4.71436E-02 0.0001
    1.7121E+00   4.53522E-02 0.0001
    1.8129E+00   4.35643E-02 0.0001
    1.9136E+00   4.17061E-02 0.0001
    2.0143E+00   3.99339E-02 0.0001
    2.1150E+00   3.82929E-02 0.0001
    2.2157E+00   3.64026E-02 0.0001
    2.3164E+00   3.47213E-02 0.0001
    2.4171E+00   3.31634E-02 0.0001
    2.5179E+00   3.15852E-02 0.0001
    2.6186E+00   2.99903E-02 0.0001
    2.7193E+00   2.84195E-02 0.0001
    2.8200E+00   2.68955E-02 0.0001
    2.9207E+00   2.54582E-02 0.0001
    3.0214E+00   2.40843E-02 0.0001
    3.1221E+00   2.27260E-02 0.0001
    3.2229E+00   2.14855E-02 0.0001
    3.3236E+00   2.03185E-02 0.0001
    3.4243E+00   1.91969E-02 0.0001
    3.5250E+00   1.81388E-02 0.0001
    3.6257E+00   1.71227E-02 0.0001
    3.7264E+00   1.61616E-02 0.0001
    3.8271E+00   1.52559E-02 0.0001
    3.9279E+00   1.43866E-02 0.0001
    4.0286E+00   1.35628E-02 0.0001
    4.1293E+00   1.27822E-02 0.0001
    4.2300E+00   1.20387E-02 0.0001
    4.3307E+00   1.13383E-02 0.0001
    4.4314E+00   1.06739E-02 0.0001
    4.5321E+00   1.00526E-02 0.0001
    4.6329E+00   9.45456E-03 0.0001
    4.7336E+00   8.89021E-03 0.0001
    4.8343E+00   8.36157E-03 0.0001
    4.9350E+00   7.86073E-03 0.0001
    5.0357E+00   7.38535E-03 0.0001
    5.1364E+00   6.94018E-03 0.0002
    5.2371E+00   6.51921E-03 0.0002
    5.3379E+00   6.12401E-03 0.0002
    5.4386E+00   5.75346E-03 0.0002
    5.5393E+00   5.40253E-03 0.0002
    5.6400E+00   5.07329E-03 0.0002
    5.7407E+00   4.75891E-03 0.0002
    5.8414E+00   4.46123E-03 0.0002
    5.9421E+00   4.18444E-03 0.0002
    6.0429E+00   3.92354E-03 0.0002
    6.1436E+00   3.67914E-03 0.0002
    6.2443E+00   3.44803E-03 0.0002
    6.3450E+00   3.23173E-03 0.0002
    6.4457E+00   3.02929E-03 0.0002
    6.5464E+00   2.83990E-03 0.0002
    6.6471E+00   2.65977E-03 0.0002
    6.7479E+00   2.49175E-03 0.0003
    6.8486E+00   2.33343E-03 0.0003
    6.9493E+00   2.18493E-03 0.0003
    7.0500E+00   2.04521E-03 0.0003
    7.1507E+00   1.91520E-03 0.0003
    7.2514E+00   1.79196E-03 0.0003
    7.3521E+00   1.67734E-03 0.0003
    7.4529E+00   1.57003E-03 0.0003
    7.5536E+00   1.46913E-03 0.0003
    7.6543E+00   1.37529E-03 0.0003
    7.7550E+00   1.28562E-03 0.0004
    7.8557E+00   1.20203E-03 0.0004
    7.9564E+00   1.12443E-03 0.0004
    8.0571E+00   1.05205E-03 0.0004
    8.1579E+00   9.83230E-04 0.0004
    8.2586E+00   9.18792E-04 0.0004
    8.3593E+00   8.58722E-04 0.0004
    8.4600E+00   8.02696E-04 0.0004
    8.5607E+00   7.49862E-04 0.0005
    8.6614E+00   7.00767E-04 0.0005
    8.7621E+00   6.54928E-04 0.0005
    8.8629E+00   6.11597E-04 0.0005
    8.9636E+00   5.71575E-04 0.0005
    9.0643E+00   5.34123E-04 0.0005
    9.1650E+00   4.98526E-04 0.0006
    9.2657E+00   4.66024E-04 0.0006
    9.3664E+00   4.34869E-04 0.0006
    9.4671E+00   4.06291E-04 0.0006
    9.5679E+00   3.79419E-04 0.0007
    9.6686E+00   3.54100E-04 0.0007
    9.7693E+00   3.30419E-04 0.0007
    9.8700E+00   3.08696E-04 0.0007
    9.9707E+00   2.88068E-04 0.0007
    1.0071E+01   2.68506E-04 0.0008
    1.0172E+01   2.50504E-04 0.0008
    1.0273E+01   2.33827E-04 0.0008
    1.0374E+01   2.18111E-04 0.0009
    1.0474E+01   2.03808E-04 0.0009
    1.0575E+01   1.89918E-04 0.0009
    1.0676E+01   1.77688E-04 0.0010
    1.0776E+01   1.65115E-04 0.0010
    1.0877E+01   1.54070E-04 0.0010
    1.0978E+01   1.44018E-04 0.0011
    1.1079E+01   1.33849E-04 0.0011
    1.1179E+01   1.24896E-04 0.0011
    1.1280E+01   1.16497E-04 0.0012
    1.1381E+01   1.08652E-04 0.0012
    1.1481E+01   1.01271E-04 0.0013
    1.1582E+01   9.45784E-05 0.0013
    1.1683E+01   8.79964E-05 0.0013
    1.1784E+01   8.19936E-05 0.0014
    1.1884E+01   7.65504E-05 0.0014
    1.1985E+01   7.12502E-05 0.0015
    1.2086E+01   6.64121E-05 0.0015
    1.2186E+01   6.19517E-05 0.0016
    1.2287E+01   5.76848E-05 0.0017
    1.2388E+01   5.37185E-05 0.0017
    1.2489E+01   5.01494E-05 0.0018
    1.2589E+01   4.67119E-05 0.0018
    1.2690E+01   4.35360E-05 0.0019
    1.2791E+01   4.04438E-05 0.0020
    1.2891E+01   3.75711E-05 0.0020
    1.2992E+01   3.51154E-05 0.0021
    1.3093E+01   3.26368E-05 0.0022
    1.3194E+01   3.03975E-05 0.0023
    1.3294E+01   2.84553E-05 0.0024
    1.3395E+01   2.63195E-05 0.0025
    1.3496E+01   2.45278E-05 0.0026
    1.3596E+01   2.29299E-05 0.0026
    1.3697E+01   2.13538E-05 0.0027
    1.3798E+01   1.97783E-05 0.0028
    1.3899E+01   1.85414E-05 0.0029
    1.3999E+01   1.72490E-05 0.0030
    1.4100E+01   1.60817E-05 0.0032
      total      1.68605E+00 0.0000