$SPEC_ID:
No sample description was entered.
$SPEC_REM:
DET# 1
DETDESC# NECG4YMBZ1 Model 927 SN 11083097 Input 1
AP# Maestro Version 7.01
$DATE_MEA:
04/06/2017 18:31:49
$MEAS_TIM:
60 61
$DATA:
0 1023
       0
       3
       3
       4
       3
       6
     104
     181
      98
     107
     216
     232
     207
     206
     218
     211
     182
     199
     161
     162
     139
     158
     145
     129
     125
     136
     131
     148
     154
     134
     126
     128
     130
     118
     129
     143
     150
     137
     152
     157
     194
     156
     157
     185
     172
     181
     208
     202
     286
     302
     320
     462
     550
     691
     884
     995
    1168
    1365
    1480
    1506
    1455
    1349
    1185
    1153
     973
     786
     707
     574
     512
     413
     414
     332
     285
     302
     213
     215
     187
     190
     163
     163
     181
     156
     162
     152
     165
     147
     185
     160
     143
     136
     160
     165
     157
     168
     173
     145
     175
     171
     154
     163
     189
     196
     186
     174
     185
     164
     171
     179
     178
     156
     145
     185
     209
     202
     159
     186
     173
     180
     189
     195
     206
     203
     203
     185
     199
     193
     215
     190
     236
     218
     196
     186
     206
     182
     201
     217
     203
     218
     237
     229
     217
     219
     203
     225
     212
     218
     206
     196
     198
     242
     214
     227
     238
     236
     221
     227
     218
     246
     198
     222
     241
     254
     253
     270
     192
     226
     241
     247
     223
     225
     238
     198
     241
     225
     243
     221
     227
     223
     255
     225
     235
     240
     217
     227
     240
     251
     224
     210
     220
     245
     201
     240
     225
     266
     264
     218
     277
     231
     222
     219
     219
     226
     242
     221
     269
     226
     242
     228
     234
     221
     247
     235
     235
     234
     234
     240
     242
     250
     275
     251
     223
     240
     225
     252
     239
     217
     245
     222
     223
     240
     205
     247
     220
     209
     219
     216
     265
     237
     242
     231
     210
     218
     235
     243
     208
     214
     232
     232
     237
     222
     258
     215
     201
     223
     206
     231
     243
     218
     236
     236
     215
     222
     230
     200
     235
     251
     244
     233
     205
     235
     254
     202
     237
     232
     247
     233
     239
     222
     224
     228
     223
     234
     213
     232
     241
     213
     250
     226
     269
     248
     259
     262
     259
     271
     257
     262
     242
     259
     258
     265
     277
     261
     281
     273
     280
     284
     284
     276
     312
     272
     276
     277
     287
     287
     306
     294
     296
     310
     315
     341
     317
     294
     281
     316
     305
     288
     267
     271
     275
     293
     281
     269
     297
     242
     286
     293
     290
     264
     256
     246
     273
     254
     263
     239
     265
     255
     267
     260
     246
     267
     260
     233
     243
     246
     248
     266
     240
     254
     262
     231
     258
     259
     224
     244
     243
     239
     252
     250
     250
     222
     260
     197
     215
     224
     223
     251
     240
     205
     210
     219
     229
     224
     243
     229
     229
     231
     224
     215
     208
     213
     222
     222
     225
     234
     212
     208
     216
     212
     200
     215
     238
     202
     232
     225
     253
     236
     226
     219
     227
     206
     226
     191
     245
     207
     205
     225
     223
     230
     215
     228
     229
     195
     208
     202
     221
     210
     211
     218
     204
     199
     202
     208
     214
     213
     197
     183
     179
     228
     176
     193
     213
     220
     194
     236
     198
     191
     182
     209
     212
     186
     175
     197
     205
     187
     211
     196
     188
     199
     210
     199
     198
     197
     179
     200
     191
     178
     191
     177
     197
     216
     175
     177
     173
     172
     195
     201
     177
     183
     188
     170
     188
     200
     192
     189
     192
     232
     211
     176
     170
     172
     179
     163
     165
     169
     152
     159
     169
     178
     166
     169
     172
     170
     187
     125
     149
     165
     167
     186
     177
     153
     180
     165
     178
     151
     157
     151
     143
     170
     163
     145
     150
     171
     142
     142
     163
     157
     159
     139
     153
     147
     149
     174
     152
     142
     152
     154
     144
     150
     144
     177
     139
     166
     158
     181
     154
     140
     158
     129
     131
     166
     156
     141
     160
     162
     159
     158
     153
     182
     160
     154
     149
     151
     142
     153
     133
     156
     143
     158
     137
     164
     149
     168
     157
     158
     145
     125
     158
     152
     141
     153
     153
     145
     152
     160
     147
     127
     145
     165
     158
     146
     134
     153
     166
     151
     164
     165
     155
     155
     129
     154
     148
     148
     160
     161
     152
     152
     148
     136
     111
     154
     158
     143
     141
     163
     148
     137
     145
     151
     148
     169
     140
     131
     141
     142
     149
     130
     138
     149
     142
     132
     152
     133
     145
     158
     128
     127
     156
     161
     139
     148
     151
     156
     160
     140
     147
     129
     135
     158
     163
     151
     121
     153
     127
     134
     162
     139
     132
     120
     139
     144
     145
     144
     135
     151
     171
     145
     178
     163
     154
     165
     148
     154
     149
     167
     154
     165
     167
     161
     134
     164
     138
     136
     140
     172
     152
     140
     145
     155
     148
     148
     131
     132
     149
     162
     156
     165
     139
     136
     136
     161
     148
     162
     151
     151
     151
     151
     126
     162
     156
     152
     134
     131
     149
     150
     125
     160
     154
     157
     171
     144
     128
     144
     143
     152
     146
     137
     134
     144
     147
     136
     139
     130
     128
     126
     131
     142
     136
     138
     136
     111
     106
      94
     121
     110
     101
     121
     108
     122
     104
     119
     104
      99
     121
      98
      97
      94
      92
      95
     105
      90
      88
      81
      88
      92
      74
      87
      79
      67
      88
      84
      77
      83
      82
      65
      83
      74
      79
      65
      70
      73
      60
      55
      62
      63
      68
      60
      66
      55
      67
      47
      54
      48
      64
      40
      55
      43
      54
      55
      42
      53
      59
      45
      49
      49
      47
      56
      41
      44
      53
      35
      38
      39
      40
      40
      45
      46
      44
      44
      43
      37
      38
      35
      46
      37
      37
      46
      32
      31
      47
      37
      34
      40
      31
      33
      34
      33
      50
      44
      34
      30
      21
      37
      44
      31
      43
      34
      42
      34
      30
      28
      41
      26
      35
      39
      31
      32
      33
      17
      31
      34
      30
      21
      27
      32
      20
      26
      23
      18
      31
      29
      32
      24
      33
      20
      25
      23
      20
      19
      27
      26
      19
      28
      31
      25
      23
      20
      23
      21
      18
      25
      15
      15
      20
      19
      23
      23
      19
      20
      23
      11
      27
      23
      13
      27
      19
      18
      20
      20
      19
      19
      10
      19
      18
      16
      22
      19
       9
      25
      15
      22
      19
      15
      20
      21
      17
      14
      20
      16
      15
      19
      15
      26
      15
       8
      23
      24
      19
      13
      16
      19
      14
      24
      23
      20
      18
      20
      18
      16
      14
      15
      15
      12
      21
      14
      15
       7
       3
       1
       0
       1
       1
       0
       0
       0
       1
       0
       1
       0
       0
       0
       1
       0
       1
       0
       0
       0
       2
       0
       0
       1
       0
       0
       0
       0
       1
       2
       0
       0
       0
       0
       0
       0
       1
       0
       1
       1
       1
       0
       0
       0
       0
       0
       1
       1
       1
       0
       0
       0
       0
       0
       0
       0
       0
       0
       0
       0
       0
       0
       0
       0
       0
       0
       0
       0
$ROI:
2
610 616
685 699
$PRESETS:
Live Time
60
0
$ENER_FIT:
0.000000 0.000000
$MCA_CAL:
3
0.000000E+000 0.000000E+000 0.000000E+000 
$SHAPE_CAL:
3
0.000000E+000 0.000000E+000 0.000000E+000
