$SPEC_ID:
No sample description was entered.
$SPEC_REM:
DET# 1
DETDESC# NECG4YMBZ1 Model 927 SN 11083097 Input 1
AP# Maestro Version 7.01
$DATE_MEA:
04/06/2017 18:29:55
$MEAS_TIM:
60 61
$DATA:
0 1023
       0
       1
       1
       1
       1
       1
      42
      41
      13
      15
     258
     290
     268
     199
     186
     180
     158
     165
     176
     196
     154
     154
     170
     190
     203
     187
     188
     188
     203
     187
     199
     215
     240
     224
     303
     306
     424
     567
     780
     998
    1347
    1513
    1778
    1937
    1877
    1810
    1617
    1356
    1004
     807
     686
     590
     460
     408
     333
     271
     295
     224
     207
     225
     208
     193
     193
     214
     206
     200
     187
     206
     210
     211
     222
     240
     221
     238
     217
     223
     241
     209
     218
     267
     242
     218
     242
     259
     265
     230
     271
     249
     240
     265
     293
     250
     270
     239
     293
     276
     290
     271
     271
     310
     255
     261
     304
     263
     268
     320
     306
     275
     275
     285
     320
     293
     325
     280
     296
     309
     290
     306
     320
     325
     304
     318
     281
     327
     280
     294
     332
     284
     350
     319
     277
     275
     324
     317
     306
     302
     331
     301
     331
     313
     363
     312
     323
     339
     311
     325
     325
     353
     370
     318
     336
     314
     322
     292
     299
     312
     338
     334
     382
     300
     326
     318
     306
     307
     299
     310
     345
     360
     322
     319
     318
     337
     322
     335
     313
     355
     289
     302
     300
     310
     327
     289
     311
     351
     304
     334
     339
     321
     320
     316
     325
     314
     312
     316
     316
     317
     308
     329
     336
     312
     282
     339
     303
     320
     309
     364
     303
     318
     335
     335
     300
     307
     294
     346
     315
     340
     348
     372
     344
     364
     347
     334
     344
     402
     345
     358
     365
     370
     380
     365
     397
     416
     371
     401
     398
     389
     409
     433
     417
     419
     418
     384
     409
     396
     396
     389
     409
     355
     332
     369
     353
     378
     375
     364
     334
     331
     344
     348
     334
     362
     344
     351
     358
     311
     307
     273
     326
     319
     328
     324
     308
     332
     326
     329
     324
     338
     276
     317
     328
     311
     300
     333
     346
     301
     313
     324
     324
     319
     320
     318
     341
     290
     315
     314
     309
     284
     291
     290
     331
     290
     303
     272
     326
     271
     271
     277
     320
     319
     298
     296
     308
     294
     301
     240
     294
     328
     280
     276
     299
     271
     289
     261
     282
     285
     245
     292
     274
     244
     287
     282
     259
     257
     294
     256
     272
     271
     261
     277
     255
     253
     277
     251
     251
     241
     274
     231
     263
     244
     238
     248
     248
     255
     224
     250
     242
     241
     278
     231
     254
     263
     263
     257
     221
     236
     229
     200
     221
     231
     249
     239
     233
     234
     222
     221
     208
     229
     190
     215
     233
     231
     232
     215
     212
     211
     187
     230
     226
     215
     196
     211
     198
     205
     227
     171
     204
     198
     199
     215
     213
     216
     206
     211
     192
     228
     211
     217
     227
     198
     207
     191
     199
     213
     221
     225
     200
     194
     183
     198
     217
     190
     187
     226
     221
     192
     209
     213
     202
     226
     199
     233
     190
     170
     213
     228
     197
     193
     194
     200
     203
     189
     184
     202
     176
     212
     200
     187
     197
     189
     198
     213
     216
     191
     178
     188
     201
     203
     187
     211
     203
     173
     220
     232
     210
     216
     195
     185
     200
     196
     184
     222
     184
     185
     234
     207
     181
     190
     179
     184
     210
     196
     219
     191
     178
     216
     192
     220
     198
     207
     232
     203
     192
     220
     218
     237
     197
     207
     201
     194
     198
     192
     242
     223
     204
     210
     235
     223
     204
     189
     205
     226
     237
     207
     207
     192
     233
     226
     207
     212
     232
     196
     205
     208
     186
     220
     201
     200
     231
     206
     209
     188
     216
     227
     204
     195
     199
     200
     174
     192
     163
     164
     183
     162
     181
     171
     168
     183
     207
     161
     192
     182
     151
     152
     134
     158
     161
     150
     142
     142
     161
     126
     115
     108
     140
     140
     124
     111
     106
     115
     110
     113
     107
     105
      97
      97
      98
     104
      97
      83
      91
      84
      77
      76
      87
      93
      80
      74
      61
      57
      79
      77
      73
      70
      85
      72
      65
      75
      83
      73
      61
      78
      79
      65
      71
      52
      66
      70
      56
      47
      73
      65
      56
      71
      62
      50
      67
      59
      40
      52
      49
      50
      46
      57
      48
      53
      42
      44
      51
      44
      44
      42
      47
      42
      37
      56
      45
      32
      40
      43
      34
      39
      34
      39
      40
      31
      37
      42
      34
      40
      35
      31
      49
      30
      38
      30
      36
      38
      52
      27
      26
      32
      42
      27
      39
      35
      44
      29
      30
      31
      35
      29
      39
      25
      34
      31
      23
      37
      31
      27
      25
      49
      34
      24
      25
      27
      33
      34
      29
      28
      36
      27
      37
      48
      20
      34
      34
      45
      33
      43
      52
      46
      33
      58
      44
      54
      50
      37
      45
      34
      53
      38
      43
      48
      61
      58
      55
      53
      55
      53
      66
      62
      80
      60
      71
      78
     117
      95
     110
     135
     128
     133
     144
     142
     164
     171
     199
     219
     224
     242
     254
     256
     304
     288
     317
     329
     407
     425
     451
     465
     493
     559
     572
     553
     634
     667
     715
     745
     785
     845
     850
     956
     949
    1003
    1080
    1052
    1190
    1177
    1208
    1311
    1309
    1322
    1302
    1447
    1488
    1449
    1547
    1516
    1612
    1614
    1612
    1700
    1707
    1654
    1699
    1648
    1794
    1712
    1803
    1810
    1654
    1723
    1688
    1680
    1680
    1715
    1628
    1545
    1582
    1564
    1515
    1480
    1441
    1411
    1307
    1345
    1298
    1227
    1204
    1152
    1075
    1016
    1011
     993
     990
     895
     872
     784
     773
     750
     719
     658
     662
     605
     558
     522
     470
     464
     433
     414
     393
     334
     343
     279
     274
     252
     209
     210
     179
     195
     168
     165
     134
     147
     110
     111
      95
     107
      88
      63
      72
      61
      46
      43
      49
      44
      33
      36
      38
      30
      17
      26
      27
      28
      29
      21
      23
      17
      10
      19
      16
      23
      11
      19
      11
      10
      11
       9
      15
       5
      17
      14
       7
       8
       9
       9
       6
      10
       6
      13
      12
       4
      15
      12
       9
      12
       8
      12
      12
       6
      12
      10
      11
       9
      11
      12
       9
      12
      12
       8
       9
       7
       7
       5
       7
      12
      14
      10
      13
       8
       6
      11
       9
      10
       9
       5
       9
       9
      12
       3
       5
       9
       9
       8
      12
      10
       8
       8
      17
      11
       7
      11
       5
       6
      11
      10
       8
      17
      12
       7
       8
       3
       4
      13
       7
       9
      12
       6
      15
      12
       9
      16
       9
       9
       9
      11
      13
       6
      12
      12
       7
       9
       9
      12
       9
      11
       9
       7
       9
       5
       8
      12
      10
      13
      13
       7
       9
      13
      11
      13
      11
       9
      11
      12
       7
      12
      15
       0
       1
       0
       2
       3
       0
       0
       1
       1
       2
       0
       0
       0
       0
       0
       0
       0
       0
       0
       0
       0
       0
       0
       0
       0
       0
       0
       0
       0
$ROI:
2
610 616
685 699
$PRESETS:
Live Time
60
0
$ENER_FIT:
0.000000 0.000000
$MCA_CAL:
3
0.000000E+000 0.000000E+000 0.000000E+000 
$SHAPE_CAL:
3
0.000000E+000 0.000000E+000 0.000000E+000
