$SPEC_ID:
No sample description was entered.
$SPEC_REM:
DET# 1
DETDESC# NECG4YMBZ1 Model 927 SN 11083097 Input 1
AP# Maestro Version 7.01
$DATE_MEA:
04/06/2017 18:28:28
$MEAS_TIM:
60 62
$DATA:
0 1023
       0
       0
       0
       0
       0
       0
      31
      14
       9
      16
     266
     265
     281
     312
     330
     324
     315
     346
     339
     389
     464
     568
     831
    1342
    1982
    2632
    2938
    2952
    2356
    1675
    1238
     903
     705
     513
     416
     363
     356
     345
     330
     328
     351
     353
     368
     341
     378
     373
     372
     364
     442
     362
     423
     401
     414
     427
     421
     426
     436
     466
     457
     464
     428
     495
     467
     505
     465
     464
     461
     513
     516
     466
     519
     473
     460
     511
     522
     497
     500
     550
     486
     523
     465
     501
     498
     520
     547
     443
     489
     539
     515
     521
     538
     502
     527
     523
     486
     490
     529
     535
     540
     494
     551
     527
     490
     508
     532
     494
     545
     506
     492
     496
     536
     544
     482
     560
     488
     469
     503
     496
     506
     499
     588
     523
     498
     510
     457
     488
     524
     511
     499
     512
     594
     567
     603
     536
     595
     574
     591
     605
     646
     613
     586
     686
     652
     618
     685
     682
     678
     664
     629
     657
     649
     614
     589
     577
     612
     565
     571
     565
     583
     556
     564
     501
     506
     510
     538
     508
     489
     518
     514
     515
     513
     490
     515
     544
     529
     475
     490
     508
     519
     498
     476
     477
     479
     467
     467
     507
     472
     417
     475
     462
     456
     464
     447
     487
     441
     453
     464
     404
     458
     473
     455
     434
     427
     445
     430
     460
     409
     416
     389
     422
     398
     387
     447
     400
     379
     403
     414
     391
     382
     422
     363
     384
     371
     364
     384
     358
     380
     408
     385
     341
     368
     357
     329
     365
     329
     361
     351
     352
     364
     331
     346
     398
     339
     384
     353
     345
     354
     323
     359
     382
     337
     350
     320
     322
     305
     339
     313
     335
     309
     314
     332
     300
     355
     337
     349
     320
     324
     325
     343
     299
     309
     313
     331
     310
     275
     314
     309
     334
     310
     330
     348
     325
     326
     333
     333
     323
     356
     320
     318
     360
     316
     323
     333
     323
     325
     330
     324
     329
     348
     354
     329
     347
     373
     336
     321
     345
     348
     318
     295
     317
     336
     351
     345
     349
     314
     344
     343
     350
     331
     314
     315
     336
     358
     327
     328
     310
     323
     326
     302
     287
     311
     280
     303
     262
     299
     275
     269
     258
     242
     225
     233
     239
     219
     218
     227
     215
     196
     202
     160
     172
     183
     158
     162
     150
     143
     138
     160
     125
     129
     129
     147
     151
     143
     134
     109
     115
     130
     137
     107
     125
     102
      96
     100
     120
     113
      88
     101
      96
     102
      83
      89
      97
      82
      93
      86
      75
      92
      74
      82
      78
      79
      75
      98
      66
      84
      67
      70
      62
      77
      80
      72
      62
      64
      62
      43
      72
      77
      65
      66
      56
      62
      70
      58
      58
      66
      65
      75
      63
      68
      72
      75
      77
      62
      84
      61
      78
      70
      92
      88
      93
      80
      85
      98
      78
      88
      86
     101
     112
      89
     145
     111
     142
     148
     135
     211
     175
     224
     237
     270
     311
     341
     381
     427
     464
     533
     554
     653
     727
     793
     904
     987
    1112
    1141
    1236
    1353
    1415
    1630
    1746
    1897
    1998
    2095
    2116
    2303
    2346
    2490
    2554
    2712
    2692
    2757
    2882
    2803
    2772
    2811
    2874
    2810
    2747
    2716
    2757
    2545
    2427
    2367
    2242
    2090
    2021
    1839
    1747
    1618
    1514
    1360
    1311
    1185
     985
     950
     859
     792
     662
     590
     547
     462
     407
     336
     333
     267
     189
     171
     153
     161
      96
     108
      87
      87
      58
      52
      44
      48
      45
      29
      34
      31
      30
      24
      25
      21
      21
      21
      23
      24
      26
      33
      16
      25
      31
      21
      30
      20
      20
      17
      31
      26
      23
      22
      20
      26
      21
      22
      15
      14
      29
      19
      19
      15
      29
      28
      20
      18
      23
      26
      27
      17
      20
      14
      16
      12
      19
      20
      22
      15
      19
      26
      16
      21
      21
      13
      21
      11
      19
      16
      13
      18
      26
      16
      24
      16
      18
      16
      15
      19
      12
      14
      23
      11
      16
      12
      19
      21
      14
      21
      18
      17
      18
      17
      21
      14
      15
      21
      16
      17
      25
      22
      24
      24
      22
      19
      24
      14
      24
      14
      22
      19
      26
      34
      21
      21
      25
      25
      29
      19
      27
      26
      30
      39
      28
      22
      31
      25
      25
      28
      22
      19
      33
      31
      26
      32
      26
      35
      23
      31
      34
      31
      21
      29
      30
      32
      25
      32
      31
      27
      36
      47
      33
      25
      33
      33
      30
      35
      37
      40
      28
      33
      34
      34
      41
      35
      38
      35
      40
      30
      39
      37
      43
      48
      38
      36
      42
      45
      38
      43
      55
      46
      46
      31
      38
      47
      40
      46
      45
      37
      34
      52
      28
      43
      34
      51
      44
      31
      32
      42
      49
      37
      40
      38
      42
      41
      36
      45
      49
      46
      61
      49
      45
      58
      60
      49
      67
      49
      46
      59
      37
      42
      34
      44
      42
      42
      42
      34
      42
      45
      39
      43
      56
      36
      40
      22
      35
      33
      33
      46
      37
      49
      30
      48
      40
      45
      63
      38
      42
      39
      57
      61
      45
      41
      53
      43
      55
      43
      42
      53
      51
      52
      49
      44
      48
      54
      51
      51
      67
      69
      62
      67
      70
      74
      56
      56
      59
      76
      45
      60
      53
      50
      36
      39
      35
      28
      27
      36
      24
      19
      19
      16
       9
      12
      10
      11
       8
       3
       7
       2
       5
       7
       6
       6
      10
       7
       6
       6
       3
       5
       4
       4
       5
       1
       4
       5
       2
       3
       4
       4
       4
       7
       4
       3
       5
       4
       5
       3
       7
       0
       3
       7
       3
       6
       0
       4
       5
       4
       5
       5
       2
       3
       2
       2
       4
       5
       4
       1
       0
       1
       4
       3
       4
       4
       4
       4
       3
       2
       1
       2
       1
       1
       2
       5
       1
       6
       4
       3
       2
       1
       4
       4
       4
       2
       4
       3
       1
       0
       1
       4
       4
       1
       3
       5
       1
       2
       1
       3
       1
       0
       5
       1
       2
       1
       1
       1
       0
       1
       2
       3
       1
       1
       3
       1
       1
       2
       1
       0
       4
       2
       1
       2
       2
       2
       2
       1
       2
       2
       1
       0
       3
       0
       1
       2
       0
       0
       3
       1
       0
       5
       1
       1
       0
       0
       0
       2
       1
       0
       1
       1
       0
       1
       0
       1
       1
       0
       1
       1
       0
       0
       0
       0
       2
       0
       1
       1
       0
       1
       0
       0
       0
       0
       0
       0
       0
       0
       0
       1
       0
       0
       0
       0
       1
       0
       0
       0
       0
       0
       0
       0
       0
       0
       0
       0
       0
       0
       0
       0
       0
       0
       0
       0
       0
       0
       0
       0
       0
       0
       0
       0
       0
       0
       0
       0
       0
       0
       0
$ROI:
2
610 616
685 699
$PRESETS:
Live Time
60
0
$ENER_FIT:
0.000000 0.000000
$MCA_CAL:
3
0.000000E+000 0.000000E+000 0.000000E+000 
$SHAPE_CAL:
3
0.000000E+000 0.000000E+000 0.000000E+000
