$SPEC_ID:
No sample description was entered.
$SPEC_REM:
DET# 1
DETDESC# NECG4YMBZ1 Model 927 SN 11083097 Input 1
AP# Maestro Version 7.01
$DATE_MEA:
04/06/2017 18:26:53
$MEAS_TIM:
60 63
$DATA:
0 1023
       0
       0
       0
       0
       0
       0
       9
       8
      14
       7
     401
     474
     524
     633
     781
    1355
    2144
    3414
    3846
    3366
    2406
    1547
     996
     685
     550
     479
     498
     471
     472
     462
     493
     510
     505
     554
     579
     530
     561
     591
     602
     590
     601
     640
     662
     632
     681
     597
     710
     697
     678
     690
     686
     699
     713
     724
     685
     738
     700
     730
     684
     709
     745
     709
     742
     692
     747
     770
     719
     733
     773
     746
     779
     714
     745
     736
     775
     702
     698
     741
     693
     763
     734
     704
     713
     739
     728
     700
     782
     747
     725
     728
     691
     746
     718
     757
     807
     852
     839
     846
     924
     936
     923
     956
     923
     896
     883
     890
     833
     847
     848
     835
     753
     817
     789
     724
     742
     766
     757
     689
     732
     722
     769
     706
     658
     706
     695
     687
     720
     698
     703
     650
     675
     662
     671
     708
     666
     625
     619
     652
     636
     644
     633
     620
     573
     594
     619
     559
     585
     580
     586
     539
     585
     551
     550
     536
     566
     555
     544
     560
     525
     561
     527
     510
     505
     481
     497
     471
     515
     502
     488
     488
     534
     507
     497
     497
     501
     491
     471
     476
     517
     481
     512
     483
     452
     432
     468
     490
     476
     425
     476
     476
     451
     452
     450
     457
     460
     500
     427
     456
     436
     474
     465
     453
     494
     474
     462
     460
     458
     488
     459
     452
     472
     521
     464
     474
     509
     490
     489
     515
     455
     487
     459
     466
     466
     508
     480
     483
     471
     482
     415
     456
     475
     386
     421
     355
     396
     358
     369
     368
     328
     335
     292
     302
     258
     250
     261
     258
     241
     226
     217
     199
     202
     224
     207
     187
     198
     156
     136
     164
     159
     165
     135
     156
     136
     139
     152
     141
     119
     113
     127
     109
     134
     125
     113
     115
     108
     118
     111
     116
      98
     121
     104
     112
     102
      97
      88
      88
      88
     103
     101
     123
     108
      88
     128
      94
      97
     116
     108
     131
     127
     134
     120
     139
     130
     133
     148
     156
     172
     174
     209
     223
     248
     262
     327
     365
     461
     482
     656
     697
     847
     944
    1093
    1233
    1362
    1616
    1789
    2119
    2280
    2552
    2799
    2937
    3110
    3295
    3508
    3829
    3828
    3825
    3898
    3999
    3957
    3862
    3774
    3631
    3435
    3299
    3028
    2797
    2568
    2288
    2037
    1836
    1591
    1440
    1254
    1012
     842
     726
     594
     497
     418
     336
     280
     227
     193
     171
     144
     105
      77
      85
      69
      49
      61
      52
      34
      57
      38
      41
      36
      44
      44
      40
      41
      31
      34
      26
      42
      27
      34
      31
      35
      28
      28
      29
      36
      35
      39
      23
      39
      34
      23
      32
      36
      30
      22
      30
      36
      30
      28
      35
      34
      39
      31
      23
      25
      27
      38
      44
      35
      38
      41
      49
      28
      36
      40
      39
      40
      40
      56
      51
      44
      52
      46
      42
      54
      50
      48
      49
      52
      52
      40
      43
      48
      53
      48
      59
      60
      58
      38
      55
      59
      64
      47
      56
      48
      54
      58
      49
      54
      61
      67
      40
      57
      49
      66
      64
      48
      63
      75
      73
      62
      62
      67
      85
      96
      73
      75
      63
      67
      74
      59
      94
      84
      79
      80
      72
      87
      82
      72
      77
      93
     111
     100
     104
     104
      99
     107
     120
     101
      90
     105
      96
     109
     107
     103
     109
     101
     120
     119
     123
     112
     124
     103
     119
     102
     108
      88
      87
      75
      58
      64
      60
      61
      50
      55
      48
      31
      37
      39
      23
      13
      13
      16
      13
      15
      13
       8
       8
      10
      12
       9
      12
      12
      10
       4
       5
       5
       6
       8
       7
      12
       6
      15
       9
       1
       4
       9
       5
      13
       5
       5
       9
       6
       3
       7
      11
       7
      12
       5
       6
       5
       5
       2
       5
      13
       5
       9
       6
       3
      11
       4
       7
       5
       8
       6
       6
       7
       7
       2
       6
       4
       3
       6
       4
       6
       3
       2
       2
       6
       3
       3
       6
       3
       5
       5
       2
       5
       1
       2
       4
       9
       3
       8
       5
       6
       3
       3
       5
       6
       8
       3
       6
       3
       7
       8
       3
       4
       7
       1
       6
       4
       9
       1
       2
       4
       7
       5
       6
       6
       9
       7
       3
       6
       4
       3
       8
       8
       3
       6
       3
       6
       7
       3
       2
      10
      10
       4
       6
       7
       7
       2
       6
       6
       3
       4
       2
       3
       2
       1
       2
       2
       2
       1
       3
       2
       4
       1
       1
       1
       1
       2
       1
       0
       4
       2
       0
       0
       1
       0
       1
       0
       0
       0
       0
       0
       1
       2
       1
       2
       0
       0
       0
       0
       0
       0
       1
       0
       1
       1
       1
       1
       0
       1
       2
       0
       0
       1
       1
       0
       1
       1
       1
       0
       0
       1
       0
       1
       0
       0
       1
       0
       1
       1
       0
       1
       0
       0
       1
       1
       0
       0
       2
       1
       1
       0
       0
       0
       0
       0
       0
       1
       0
       0
       1
       0
       0
       0
       1
       0
       2
       1
       0
       1
       1
       0
       0
       1
       0
       0
       0
       2
       0
       0
       0
       1
       0
       1
       0
       0
       0
       0
       0
       0
       3
       0
       0
       1
       0
       0
       1
       1
       0
       0
       0
       0
       0
       2
       0
       0
       0
       0
       1
       0
       0
       0
       1
       0
       0
       0
       1
       0
       0
       0
       0
       0
       0
       0
       0
       3
       1
       0
       0
       0
       0
       0
       0
       0
       0
       0
       0
       0
       1
       0
       0
       0
       0
       0
       0
       0
       0
       0
       1
       1
       1
       0
       0
       0
       0
       0
       0
       0
       0
       0
       0
       0
       0
       0
       0
       1
       0
       0
       0
       0
       0
       1
       0
       0
       0
       0
       0
       0
       0
       0
       0
       0
       0
       0
       0
       0
       0
       0
       0
       0
       0
       0
       0
       0
       0
       0
       0
       0
       0
       0
       0
       0
       0
       0
       0
       0
       0
       0
       0
       0
       0
       0
       0
       0
       0
       0
       0
       0
       0
       0
       0
       1
       0
       0
       0
       0
       0
       0
       0
       0
       0
       0
       0
       0
       0
       0
       0
       0
       0
       0
       1
       0
       0
       0
       0
       0
       0
       0
       1
       0
       0
       0
       0
       0
       0
       0
       0
       0
       0
       0
       0
       0
       0
       0
       0
       0
       0
       0
       0
       0
       0
       0
       0
       0
       0
       0
       0
       0
       0
       0
       0
       0
       0
       0
       0
       0
       0
       0
       0
       0
       0
       0
       0
       0
       0
       0
       0
       0
       0
       0
       0
       0
       0
       0
       0
       0
       0
       0
       0
       0
       0
       0
       0
       0
       0
       0
       0
       0
       0
       0
       0
       0
       0
       0
       0
       0
       0
       0
       0
       0
       0
       0
       0
$ROI:
2
610 616
685 699
$PRESETS:
Live Time
60
0
$ENER_FIT:
0.000000 0.000000
$MCA_CAL:
3
0.000000E+000 0.000000E+000 0.000000E+000 
$SHAPE_CAL:
3
0.000000E+000 0.000000E+000 0.000000E+000
