$SPEC_ID:
No sample description was entered.
$SPEC_REM:
DET# 1
DETDESC# NECG4YMBZ1 Model 927 SN 11083097 Input 1
AP# Maestro Version 7.01
$DATE_MEA:
04/06/2017 18:24:22
$MEAS_TIM:
60 65
$DATA:
0 1023
       0
       0
       0
       0
       0
       0
       0
       0
       0
       8
    2800
    1608
     960
     840
     794
     843
    1052
    1084
    1137
    1193
    1142
    1253
    1257
    1360
    1268
    1291
    1361
    1315
    1310
    1263
    1379
    1406
    1355
    1485
    1468
    1465
    1402
    1359
    1371
    1413
    1327
    1423
    1439
    1407
    1380
    1362
    1442
    1453
    1533
    1628
    1655
    1671
    1679
    1632
    1590
    1573
    1506
    1416
    1417
    1365
    1377
    1402
    1333
    1326
    1340
    1280
    1313
    1303
    1325
    1248
    1190
    1211
    1204
    1163
    1170
    1144
    1094
    1068
    1081
    1049
    1015
    1046
     995
     970
     983
     977
     975
     939
     979
     940
     967
     945
    1030
     923
     932
     861
     922
     873
     909
     926
     899
     878
     920
     964
     901
     925
     947
     940
     944
     962
     917
    1028
     915
     917
     913
     933
     922
     815
     832
     747
     748
     685
     638
     536
     512
     471
     471
     446
     401
     395
     330
     346
     319
     337
     304
     302
     309
     312
     286
     252
     268
     239
     257
     242
     249
     257
     281
     252
     284
     266
     302
     283
     286
     362
     351
     353
     400
     516
     589
     748
     922
    1215
    1589
    2031
    2644
    3319
    3987
    4676
    5593
    6416
    6916
    7106
    7090
    6984
    6682
    6057
    5373
    4494
    3698
    2833
    2205
    1712
    1235
     915
     646
     444
     314
     238
     166
     176
     112
     118
     119
      98
     110
     107
      98
     132
      92
     101
     113
      94
      99
     105
     113
     110
     121
     116
     122
     142
     114
     147
     129
     148
     150
     134
     135
     162
     156
     137
     166
     169
     164
     179
     164
     168
     189
     175
     161
     209
     174
     185
     196
     207
     225
     206
     235
     242
     250
     277
     309
     259
     235
     196
     193
     167
     152
     133
     115
      99
      92
      87
      62
      40
      35
      36
      36
      28
      25
      33
      34
      27
      27
      38
      24
      22
      20
      38
      29
      27
      25
      27
      27
      30
      21
      31
      29
      29
      23
      18
      22
      18
      27
      24
      31
      19
      15
      11
      20
      19
      20
      18
      20
      13
      17
      11
      19
      13
      14
      13
      16
      13
       8
      20
      18
      13
       6
      16
      19
      12
      11
      18
      12
      21
      11
      15
      15
      14
      17
      18
      14
      13
      17
      10
      18
      15
      14
      20
       9
      18
      16
      17
      20
      19
      18
      25
      14
      22
      18
      17
      15
      11
      15
      12
      17
      13
       7
       5
      14
       5
       9
       6
       6
       2
       0
       5
       1
       3
       0
       2
       5
       4
       2
       2
       3
       2
       4
       3
       4
       1
       1
       2
       1
       1
       3
       1
       0
       3
       0
       0
       1
       3
       2
       2
       1
       1
       2
       1
       3
       3
       0
       1
       2
       2
       1
       2
       1
       0
       3
       1
       1
       1
       1
       3
       1
       3
       1
       1
       0
       1
       0
       2
       0
       2
       0
       1
       0
       1
       1
       0
       2
       0
       1
       2
       0
       0
       0
       0
       0
       0
       0
       0
       0
       2
       0
       0
       0
       2
       1
       1
       1
       0
       0
       0
       0
       0
       0
       0
       0
       1
       1
       0
       1
       0
       1
       0
       0
       0
       0
       0
       0
       0
       0
       0
       0
       0
       0
       0
       0
       0
       0
       0
       0
       0
       1
       0
       0
       1
       0
       0
       0
       0
       0
       0
       0
       0
       0
       0
       0
       0
       0
       0
       0
       0
       1
       0
       0
       0
       0
       0
       0
       0
       0
       0
       0
       0
       0
       0
       0
       0
       0
       0
       1
       0
       0
       0
       0
       0
       0
       0
       0
       0
       0
       0
       0
       0
       0
       0
       0
       0
       0
       0
       0
       0
       0
       0
       0
       0
       0
       0
       0
       0
       0
       0
       0
       0
       0
       0
       0
       0
       0
       0
       0
       0
       0
       0
       0
       0
       0
       0
       0
       0
       0
       0
       0
       0
       0
       0
       0
       0
       0
       0
       0
       0
       0
       0
       0
       0
       0
       0
       0
       0
       0
       0
       0
       0
       0
       0
       0
       0
       0
       0
       0
       0
       0
       0
       0
       0
       0
       0
       0
       0
       0
       0
       0
       0
       0
       0
       0
       0
       0
       0
       0
       0
       0
       0
       0
       0
       0
       0
       0
       0
       0
       0
       0
       0
       0
       0
       0
       0
       0
       0
       0
       0
       0
       0
       0
       0
       0
       0
       0
       0
       0
       0
       0
       0
       0
       0
       0
       0
       0
       0
       0
       0
       0
       0
       0
       0
       0
       0
       0
       0
       0
       0
       0
       0
       0
       0
       0
       0
       0
       0
       0
       0
       0
       0
       0
       0
       0
       0
       0
       0
       0
       0
       0
       0
       0
       0
       0
       0
       0
       0
       0
       0
       0
       0
       0
       0
       0
       0
       0
       0
       0
       0
       0
       0
       0
       0
       0
       0
       0
       0
       0
       0
       0
       0
       0
       0
       0
       0
       0
       0
       0
       0
       0
       0
       0
       0
       0
       0
       0
       0
       0
       0
       0
       0
       0
       0
       0
       0
       0
       0
       0
       0
       0
       0
       0
       0
       0
       0
       0
       0
       0
       0
       0
       0
       0
       0
       0
       0
       0
       0
       0
       0
       0
       0
       0
       0
       0
       0
       0
       0
       0
       0
       0
       0
       0
       0
       0
       0
       0
       0
       0
       0
       0
       0
       0
       0
       0
       0
       0
       0
       0
       0
       0
       0
       0
       0
       0
       0
       0
       0
       0
       0
       0
       0
       0
       0
       0
       0
       0
       0
       0
       0
       0
       0
       0
       0
       0
       0
       0
       0
       0
       0
       0
       0
       0
       0
       0
       0
       0
       0
       0
       0
       0
       0
       0
       0
       0
       0
       0
       0
       0
       0
       0
       0
       0
       0
       0
       0
       0
       0
       0
       0
       0
       0
       0
       0
       0
       0
       0
       0
       0
       0
       0
       0
       0
       0
       0
       0
       0
       0
       0
       0
       0
       0
       0
       0
       0
       0
       0
       0
       0
       0
       0
       0
       0
       0
       0
       0
       0
       0
       0
       0
       0
       0
       0
       0
       0
       0
       0
       0
       0
       0
       0
       0
       0
       0
       0
       0
       0
       0
       0
       0
       0
       0
       0
       0
       0
       0
       0
       0
       0
       0
       0
       0
       0
       0
       0
       0
       0
       0
       0
       0
       0
       0
       0
       0
       0
       0
       0
       0
       0
       0
       0
       0
       0
       0
       0
       0
       0
       0
       0
       0
       0
       0
       0
       0
       0
       0
       0
       0
       0
       0
       0
       0
       0
       0
       0
       0
       0
       0
       0
       0
       0
       0
       0
       0
       0
       0
       0
       0
       0
       0
       0
       0
       0
       0
       0
       0
       0
       0
       0
       0
       0
       0
       0
       0
       0
       0
       0
       0
       0
       0
       0
       0
       0
       0
       0
       0
       0
       0
       0
       0
       0
       0
       0
       0
       0
       0
       0
       0
       0
       0
$ROI:
2
610 616
685 699
$PRESETS:
Live Time
60
0
$ENER_FIT:
0.000000 0.000000
$MCA_CAL:
3
0.000000E+000 0.000000E+000 0.000000E+000 
$SHAPE_CAL:
3
0.000000E+000 0.000000E+000 0.000000E+000
