$SPEC_ID:
No sample description was entered.
$SPEC_REM:
DET# 1
DETDESC# NECG4YMBZ1 Model 927 SN 11083097 Input 1
AP# Maestro Version 7.01
$DATE_MEA:
04/06/2017 17:49:01
$MEAS_TIM:
90 103
$DATA:
0 1023
       0
       0
       0
       0
       0
       0
       0
       0
       0
       2
    4067
    5451
    6225
    7627
    9842
   14299
   23456
   35584
   45531
   43954
   32798
   21519
   13137
    7456
    4735
    3103
    2638
    2622
    2852
    3113
    3397
    3544
    3620
    3597
    3356
    3227
    3232
    3341
    3338
    3695
    3876
    4248
    4798
    5716
    7209
    8950
   11047
   13004
   13714
   12595
   10216
    7572
    5065
    3330
    2266
    1747
    1490
    1454
    1416
    1419
    1486
    1551
    1489
    1499
    1548
    1600
    1618
    1532
    1577
    1494
    1509
    1448
    1483
    1430
    1477
    1408
    1489
    1570
    1562
    1591
    1563
    1610
    1707
    1733
    1792
    1727
    1774
    1803
    1797
    1801
    1765
    1702
    1723
    1677
    1634
    1601
    1569
    1466
    1507
    1461
    1517
    1378
    1390
    1342
    1304
    1450
    1390
    1311
    1306
    1347
    1234
    1185
    1130
    1146
    1113
    1099
    1047
    1064
    1007
    1025
    1021
     969
     932
    1004
     956
     951
     890
     891
     913
     823
     909
     858
     828
     880
     836
     828
     859
     891
     899
     953
     980
    1094
    1127
    1257
    1245
    1360
    1475
    1573
    1688
    1818
    1779
    1992
    1958
    2043
    2076
    2242
    2216
    2306
    2457
    2603
    2619
    2773
    2831
    2986
    3090
    3107
    3127
    2996
    2958
    2974
    2738
    2628
    2544
    2376
    2298
    2153
    2135
    2119
    2112
    2312
    2464
    2708
    2966
    3305
    3694
    4179
    4523
    4944
    5433
    5832
    6188
    6385
    6565
    6945
    6812
    7030
    6768
    6446
    6105
    5665
    5250
    4927
    4324
    3975
    3588
    3190
    2760
    2472
    2165
    1938
    1795
    1634
    1546
    1378
    1218
    1072
    1027
     879
     840
     715
     650
     585
     530
     473
     435
     376
     383
     356
     305
     291
     264
     290
     293
     260
     258
     277
     280
     251
     251
     241
     226
     241
     229
     249
     223
     254
     215
     211
     192
     208
     203
     206
     174
     208
     158
     167
     173
     171
     179
     159
     162
     153
     180
     163
     156
     157
     153
     160
     165
     157
     155
     146
     148
     138
     146
     141
     151
     169
     150
     129
     116
     142
     136
     118
     124
     115
     131
     116
     107
     127
     110
      99
     125
      96
     118
     105
     105
     103
      99
     111
     115
      89
      92
      97
      92
      89
      94
     106
     113
      89
      81
      96
     101
      82
      88
     101
     106
     102
     106
     100
     101
      94
     105
     114
     113
      97
     116
     113
     103
      92
     115
     122
      95
     126
     108
     142
     125
     129
     130
     148
     141
     116
     155
     156
     148
     169
     149
     169
     177
     193
     191
     163
     207
     171
     176
     188
     185
     204
     186
     195
     164
     152
     169
     142
     135
     144
     142
     110
      95
     101
      89
      85
     105
      78
      86
      79
      83
      77
      70
      79
      62
      71
      48
      65
      58
      66
      52
      71
      79
      48
      47
      53
      50
      54
      63
      63
      54
      38
      39
      46
      37
      41
      55
      46
      38
      45
      47
      47
      46
      33
      39
      43
      41
      39
      40
      40
      37
      36
      42
      38
      40
      39
      35
      32
      33
      23
      39
      26
      46
      31
      43
      29
      29
      35
      20
      26
      30
      28
      30
      29
      37
      35
      49
      37
      26
      33
      27
      46
      28
      28
      40
      28
      29
      32
      34
      39
      40
      25
      36
      41
      35
      30
      30
      37
      38
      25
      33
      20
      35
      22
      34
      23
      30
      36
      30
      24
      30
      30
      19
      28
      27
      19
      19
      25
      18
      20
      23
      36
      22
      20
      34
      28
      19
      24
      21
      28
      23
      25
      42
      19
      35
      20
      21
      24
      26
      30
      21
      21
      19
      24
      22
      23
      30
      21
      17
      21
      20
      21
      26
      34
      29
      31
      23
      27
      19
      33
      26
      24
      23
      27
      20
      15
      25
      13
      23
      26
      31
      21
      30
      17
      20
      17
      22
      22
      16
      23
      25
      21
      19
      22
      17
      15
      23
      26
      21
      15
      14
      19
      19
      22
      13
      11
      21
      18
      20
      24
      22
      28
      13
      16
      25
      27
      16
      19
      22
      27
      18
      15
      23
      23
      26
      15
      17
      27
      19
      15
      22
      20
      23
      24
      27
      12
      20
      19
      24
      25
      14
      21
      17
      17
      17
      20
      22
      20
      16
      26
      19
      18
      27
      21
      21
      19
      19
      19
      12
      23
      22
      25
      13
      25
      10
      18
      17
      18
      18
      23
      27
      16
      21
      20
      18
      13
      13
      17
      21
      13
      20
      11
      19
       9
      20
      20
      14
      16
      18
      15
      19
      14
      17
      19
      15
      16
      15
      18
      16
      14
      21
      12
      15
      17
      15
      18
      10
      17
      21
      19
      17
      20
      20
      13
      23
      13
      14
      14
      19
      25
      10
      15
      11
      17
      16
      14
      12
       7
      14
      13
      12
      18
      18
       9
      21
      13
      18
      18
      18
      18
      14
       7
      18
      12
      17
      11
      17
      12
      15
      17
      16
      11
      14
      11
      13
       6
      14
      12
      11
      15
      15
      16
      15
      12
      25
       8
      10
      15
      23
      18
       4
      11
      16
      19
      16
      12
      18
      20
      22
      15
       7
      19
      24
       9
      20
      13
      15
      20
      17
      18
      11
       9
      15
      20
      11
      12
      19
      20
      17
      17
      15
      14
      25
      25
      16
      17
      23
      21
      18
      22
      13
      23
      21
      12
      19
      23
      20
      19
      17
      14
       7
      16
      12
      17
      17
      24
      15
      15
      18
      19
      13
      13
      24
      15
      12
      11
      12
      13
       9
      12
       2
       8
      15
       9
       5
      16
      11
      15
      11
       9
       9
      14
      16
      10
      13
       6
      12
      16
      10
       6
       9
       8
       9
       7
      12
       6
       5
      10
       7
      15
       5
      13
       3
      11
      17
      13
      10
       9
      12
       8
       7
       6
       9
       5
       7
       6
       7
       9
       8
       9
       8
      11
       8
       8
       5
       8
       7
       7
       8
       5
      11
       7
       8
      10
      10
       6
       7
      12
       5
      10
      10
       7
      10
       7
       6
       7
       9
      10
       7
      12
      11
       6
      11
       8
       8
      12
       8
       5
      14
       8
      11
       8
       5
      10
       6
       3
       3
       6
       5
       7
       9
       5
      11
      12
       6
       8
       6
      11
      14
       7
      10
      16
       9
      12
       6
      12
      11
       8
      12
       7
      15
      11
      13
      13
       8
      11
      10
      11
       6
      14
      11
       7
      14
       3
      10
       2
      10
       5
      11
       4
       8
      10
       8
       3
      11
      11
       5
       7
       6
       5
       3
       7
      10
       5
       6
       4
       8
       9
       1
      12
       9
       5
       6
       5
       4
       4
       6
       5
       8
       7
       9
       6
       6
       2
       7
       6
       4
       6
      10
       5
       5
       4
       1
       8
       5
       5
      10
       5
       4
       4
       9
       5
       6
       5
       8
       2
       9
       4
       9
       5
      10
       8
       9
       5
       5
       3
       8
       5
       3
       0
       3
       8
       0
       0
       0
       0
       0
       0
       0
       0
       0
       0
       0
       0
       0
       0
       0
       0
$ROI:
1
170 220
$PRESETS:
Live Time
90
0
$ENER_FIT:
0.000000 0.000000
$MCA_CAL:
3
0.000000E+000 0.000000E+000 0.000000E+000 
$SHAPE_CAL:
3
0.000000E+000 0.000000E+000 0.000000E+000
