$SPEC_ID:
No sample description was entered.
$SPEC_REM:
DET# 1
DETDESC# NECG4YMBZ1 Model 927 SN 11083097 Input 1
AP# Maestro Version 7.01
$DATE_MEA:
04/06/2017 19:21:18
$MEAS_TIM:
600 607
$DATA:
0 1023
       0
       0
       0
       0
       0
       0
       0
       0
       0
       0
     596
     665
     645
     640
     725
     796
     884
    1028
    1128
    1055
     913
     890
     810
     887
     914
     955
    1003
    1093
    1122
    1137
    1290
    1304
    1466
    1595
    1730
    1864
    1903
    2031
    1954
    2142
    2158
    2153
    2327
    2413
    2480
    2577
    2584
    2660
    2592
    2684
    2775
    2885
    2916
    2890
    2909
    2847
    2884
    2898
    2872
    2871
    2832
    2900
    2803
    2857
    2851
    2816
    2703
    2871
    2793
    2821
    2707
    2803
    2821
    2813
    2718
    2707
    2786
    2620
    2639
    2593
    2501
    2507
    2511
    2537
    2389
    2290
    2349
    2299
    2291
    2190
    2268
    2138
    2114
    2146
    2042
    2037
    2054
    2022
    1985
    2027
    1960
    1977
    1944
    1864
    1914
    1854
    1815
    1794
    1847
    1767
    1663
    1642
    1734
    1707
    1688
    1611
    1575
    1613
    1547
    1536
    1457
    1494
    1506
    1492
    1409
    1502
    1464
    1374
    1348
    1291
    1322
    1350
    1324
    1405
    1291
    1220
    1230
    1184
    1161
    1155
    1116
    1079
    1063
    1045
    1043
    1016
    1027
    1042
    1053
    1005
     920
     955
     949
     933
     976
     914
     921
     888
     909
     869
     902
     816
     896
     877
     841
     851
     795
     835
     788
     824
     734
     756
     773
     694
     737
     712
     722
     708
     768
     662
     702
     667
     684
     686
     685
     665
     661
     695
     692
     666
     677
     667
     655
     661
     661
     591
     629
     600
     610
     590
     604
     573
     558
     563
     535
     509
     536
     525
     525
     501
     520
     527
     482
     492
     497
     438
     451
     509
     485
     498
     472
     496
     377
     471
     455
     472
     431
     445
     428
     424
     484
     458
     420
     455
     392
     437
     442
     396
     416
     433
     438
     433
     425
     426
     447
     423
     475
     441
     439
     450
     462
     460
     483
     455
     452
     517
     498
     515
     521
     472
     492
     460
     535
     485
     443
     441
     476
     432
     429
     507
     464
     458
     435
     431
     465
     421
     452
     374
     382
     384
     348
     394
     392
     338
     324
     330
     310
     306
     297
     290
     295
     282
     285
     275
     248
     288
     253
     275
     262
     261
     228
     267
     254
     262
     228
     228
     274
     264
     252
     228
     292
     248
     283
     251
     289
     288
     283
     273
     276
     229
     291
     289
     296
     270
     257
     239
     308
     270
     306
     303
     289
     262
     299
     290
     312
     303
     298
     363
     370
     337
     370
     384
     362
     416
     426
     411
     437
     432
     417
     441
     485
     441
     431
     457
     480
     436
     483
     408
     435
     412
     398
     393
     374
     331
     291
     323
     300
     271
     251
     253
     251
     239
     230
     233
     181
     187
     182
     172
     177
     177
     172
     161
     164
     173
     150
     169
     149
     151
     151
     161
     166
     153
     166
     145
     160
     163
     147
     130
     152
     147
     166
     152
     140
     131
     153
     161
     154
     151
     159
     158
     139
     156
     139
     127
     154
     145
     128
     147
     130
     145
     140
     145
     137
     150
     140
     137
     132
     124
     120
     146
     143
     130
     145
     130
     126
     152
     107
     141
     136
     141
     147
     131
     145
     122
     137
     131
     127
     136
     124
     139
     142
     151
     141
     144
     149
     138
     137
     132
     146
     123
     148
     123
     135
     127
     110
     126
     154
     135
     134
     118
     145
     143
     130
     130
     116
     137
     108
     112
     126
     123
     103
     134
     111
     122
     133
     131
     138
     117
     103
     134
     119
     127
     126
     113
     109
     109
     134
     124
     139
     111
     117
     111
     113
     110
     119
     106
     121
     109
     128
     118
     111
      87
     116
     105
     129
     116
     104
      92
     125
      94
     110
      99
      90
     100
     111
     109
     106
      99
     109
     116
      86
     101
     116
     103
      92
     100
      95
     110
     113
      81
      98
      96
      97
      92
     100
     107
      85
      78
      70
      82
     102
     101
      96
      81
      92
      91
     101
      83
      91
      98
      80
      92
      93
      99
     101
      92
     103
     109
      90
      89
      90
      71
      91
      98
     102
      79
      90
      82
     103
      84
     116
      89
     100
     102
      86
      94
      90
     112
     105
     108
     135
      92
     108
      96
     108
      90
      75
     110
     105
      96
      81
      92
      96
      85
     102
     105
     111
      99
      95
      87
      85
      87
      86
      93
      86
      93
      76
      88
     107
      73
      89
      77
      67
      87
      87
      78
      75
      78
      67
      86
      66
      88
      81
      91
      78
      87
      79
      86
      86
      71
      76
      87
      96
      80
      78
      67
      76
      97
      80
      80
      75
      97
      88
      74
      81
      79
      74
      61
      60
      70
      73
      79
      91
      66
      81
      75
      62
      95
      64
      75
      73
      62
      61
      71
      63
      81
      72
      64
      83
      69
      65
      64
      48
      74
      62
      70
      83
      59
      68
      53
      62
      76
      61
      68
      68
      55
      78
      55
      54
      68
      55
      64
      65
      61
      48
      56
      61
      62
      63
      57
      67
      51
      63
      55
      46
      70
      58
      85
      64
      68
      67
      73
      64
      69
      69
      85
      76
      63
      64
      73
      79
      73
      74
      73
      70
      75
      86
      91
      72
     102
      80
      82
      88
      88
     104
      99
      91
      95
     103
     114
     112
      84
      95
     114
      98
     115
     110
     119
     120
     105
     108
     101
     119
     103
     110
      94
      89
      85
      87
     104
      91
      79
      90
      98
      90
      85
      75
      81
      74
      84
      66
      72
      62
      54
      54
      63
      69
      59
      58
      49
      53
      52
      45
      65
      47
      49
      53
      43
      41
      35
      41
      51
      52
      41
      56
      56
      36
      43
      37
      47
      50
      48
      39
      38
      40
      49
      46
      27
      38
      49
      53
      41
      37
      43
      36
      46
      34
      54
      42
      31
      44
      50
      38
      39
      50
      48
      40
      30
      36
      37
      42
      44
      29
      57
      37
      38
      48
      37
      38
      36
      42
      32
      43
      37
      43
      30
      36
      27
      28
      33
      39
      36
      46
      34
      31
      26
      45
      32
      31
      41
      26
      42
      38
      50
      48
      36
      44
      40
      36
      47
      39
      46
      41
      35
      45
      43
      45
      43
      46
      43
      38
      37
      41
      43
      51
      43
      47
      46
      47
      48
      46
      37
      42
      57
      39
      51
      40
      54
      44
      49
      43
      47
      46
      32
      35
      39
      43
      37
      51
      31
      33
      37
      39
      44
      27
      33
      47
      49
      36
      32
      41
      28
      35
      30
      36
      32
      30
      38
      38
      34
      32
      38
      34
      30
      36
      41
      22
      28
      26
      36
      30
      25
      41
      23
      34
      33
      22
      39
      29
      31
      33
      22
      40
      19
      43
      35
      33
      29
      27
      21
      25
      33
      36
      46
      22
      32
      30
      31
      27
      24
      25
      34
      27
      28
      25
      30
      20
      24
      24
      24
      17
      32
      21
      31
      32
      25
      33
      28
      32
      22
      28
      32
      25
      35
      17
      19
      24
      27
       0
       0
       0
       0
       0
       0
       0
       0
       0
       0
       0
       0
       0
       0
       0
       0
$ROI:
2
610 616
685 699
$PRESETS:
Live Time
600
0
$ENER_FIT:
0.000000 0.000000
$MCA_CAL:
3
0.000000E+000 0.000000E+000 0.000000E+000 
$SHAPE_CAL:
3
0.000000E+000 0.000000E+000 0.000000E+000
