$SPEC_ID:
No sample description was entered.
$SPEC_REM:
DET# 1
DETDESC# NECG4YMBZ1 Model 927 SN 11083097 Input 1
AP# Maestro Version 7.01
$DATE_MEA:
04/06/2017 19:31:46
$MEAS_TIM:
600 607
$DATA:
0 1023
       0
       0
       0
       0
       0
       0
       0
       0
       0
       0
     536
     626
     638
     672
     691
     774
     802
     955
    1033
     937
     834
     787
     832
     743
     814
     875
     892
     953
    1012
    1021
    1080
    1181
    1293
    1402
    1577
    1654
    1764
    1633
    1825
    1860
    1958
    2015
    2199
    2128
    2366
    2398
    2398
    2454
    2609
    2518
    2520
    2637
    2653
    2725
    2797
    2642
    2682
    2644
    2651
    2679
    2737
    2631
    2681
    2677
    2762
    2669
    2652
    2635
    2666
    2543
    2667
    2571
    2635
    2661
    2630
    2657
    2609
    2632
    2494
    2539
    2516
    2447
    2349
    2353
    2222
    2295
    2223
    2182
    2182
    2086
    2083
    2169
    2123
    2029
    2007
    2009
    1952
    1973
    1890
    1945
    1903
    1885
    1801
    1855
    1783
    1742
    1780
    1712
    1662
    1732
    1676
    1586
    1669
    1553
    1564
    1509
    1497
    1501
    1456
    1385
    1421
    1460
    1453
    1399
    1371
    1387
    1318
    1376
    1376
    1373
    1346
    1278
    1299
    1207
    1222
    1210
    1201
    1114
    1168
    1049
    1129
    1039
    1032
    1089
    1080
    1053
     955
    1017
     971
     935
     958
     927
     914
     918
     915
     888
     891
     853
     821
     875
     814
     899
     872
     881
     827
     802
     798
     812
     779
     756
     770
     764
     719
     764
     682
     775
     726
     634
     701
     716
     704
     675
     650
     703
     644
     714
     699
     699
     688
     699
     688
     634
     693
     641
     641
     653
     630
     584
     570
     609
     551
     559
     501
     557
     519
     490
     497
     495
     509
     464
     457
     492
     498
     495
     473
     399
     486
     449
     449
     464
     499
     442
     447
     460
     395
     452
     403
     399
     411
     415
     394
     399
     425
     399
     400
     424
     406
     376
     429
     380
     414
     412
     436
     389
     410
     458
     437
     451
     433
     437
     432
     446
     457
     485
     431
     461
     509
     489
     502
     462
     504
     440
     466
     512
     491
     480
     458
     467
     463
     491
     494
     444
     437
     454
     416
     424
     439
     411
     370
     384
     366
     390
     366
     320
     319
     319
     320
     308
     301
     273
     278
     286
     269
     278
     281
     275
     269
     276
     237
     304
     256
     255
     258
     271
     214
     264
     257
     270
     265
     258
     279
     280
     252
     285
     259
     261
     239
     266
     288
     263
     269
     311
     281
     277
     263
     259
     257
     251
     254
     253
     275
     261
     240
     242
     274
     275
     252
     279
     311
     279
     297
     284
     309
     292
     340
     339
     330
     301
     313
     332
     329
     334
     366
     358
     310
     341
     318
     312
     290
     297
     288
     226
     259
     246
     245
     237
     212
     201
     193
     198
     218
     184
     196
     181
     156
     184
     183
     170
     179
     149
     153
     148
     150
     157
     151
     138
     157
     132
     126
     166
     134
     156
     150
     139
     135
     148
     136
     135
     165
     113
     130
     134
     146
     136
     172
     162
     151
     142
     158
     150
     145
     119
     138
     149
     144
     129
     142
     136
     135
     128
     138
     134
     135
     154
     130
     112
     130
     128
     129
     132
     138
     136
     133
     141
     161
     130
     132
     138
     138
     135
     141
     131
     114
     161
     133
     121
     126
     140
     140
     154
     129
     129
     120
     129
     130
     126
     136
     151
     111
     136
     125
     121
     132
     137
     140
     145
     153
     130
     148
     141
     109
     114
     110
     138
     117
     128
     112
     100
     103
     128
     129
     136
     136
     116
     131
     121
     142
     110
     116
     122
     120
     115
      98
     125
     109
     115
     108
     114
     125
     121
     112
     118
     107
     115
     120
     117
     114
     100
     129
     108
     132
     122
     114
     102
     103
      96
     115
     112
     116
     103
      91
      99
     130
     102
     102
      94
      88
      88
     102
     107
     109
      88
     102
     103
      96
      97
      84
     124
     101
      89
      81
      89
      98
     116
     111
     101
      98
      93
      85
      89
      92
      98
      87
      87
      80
      94
      96
      74
      87
      95
      89
      79
      95
     102
     106
      83
      90
      82
     113
      97
      90
      95
     101
      88
      95
     103
      80
      82
      95
     104
      86
      81
      85
      93
      91
      97
      99
     100
      94
      98
      80
      77
      96
      90
      93
      95
      90
      95
     105
      99
      84
      95
     109
      95
      84
      93
      93
      85
      98
     102
      90
      85
      79
     101
      99
      81
      98
      94
      87
      91
      95
      91
      89
      73
      91
      73
      73
      74
      87
      81
      77
      80
      72
      91
      87
      90
      75
      93
      71
      92
      70
      87
      86
      83
      61
      81
      68
      89
      82
      58
      84
      76
      95
      84
      97
      75
      75
      71
      61
      91
      91
      73
      76
      86
      76
      71
      63
      60
      73
      74
      78
      68
      68
      65
      56
      75
      75
      72
      76
      62
      82
      68
      81
      55
      62
      63
      81
      60
      66
      65
      64
      77
      52
      66
      84
      63
      67
      57
      73
      55
      65
      60
      64
      65
      54
      55
      64
      64
      66
      92
      65
      59
      80
      61
      74
      66
      55
      73
      71
      65
      68
      66
      66
      73
      63
      79
      71
      70
      83
      77
      67
      85
      71
      77
      79
      87
      74
      82
      86
      83
      94
     100
     103
      86
     111
     116
      92
      97
     103
     100
     114
      94
     106
      92
     102
     117
      94
     115
      91
     117
     109
      86
     108
     103
      97
     108
      98
      91
      74
      82
      98
      86
      63
      80
      65
      76
      68
      75
      73
      75
      77
      56
      65
      69
      58
      58
      64
      50
      43
      61
      40
      57
      46
      48
      49
      49
      54
      50
      46
      55
      44
      42
      48
      45
      43
      48
      40
      41
      38
      39
      40
      41
      43
      48
      41
      38
      46
      39
      30
      28
      37
      40
      38
      41
      50
      41
      49
      34
      41
      35
      35
      44
      40
      43
      34
      40
      37
      37
      35
      36
      39
      43
      31
      37
      33
      54
      36
      31
      40
      41
      38
      40
      39
      33
      39
      34
      44
      36
      37
      37
      27
      34
      23
      43
      42
      43
      34
      35
      36
      36
      42
      38
      37
      39
      29
      43
      44
      35
      40
      41
      38
      37
      50
      35
      32
      46
      44
      45
      39
      35
      44
      37
      31
      39
      38
      32
      43
      46
      42
      41
      48
      34
      28
      39
      29
      41
      30
      46
      32
      38
      36
      40
      28
      34
      41
      32
      44
      42
      36
      33
      42
      40
      50
      38
      30
      42
      32
      29
      42
      28
      25
      37
      38
      35
      32
      24
      35
      34
      29
      30
      29
      39
      27
      30
      40
      30
      27
      24
      28
      38
      43
      32
      27
      27
      29
      26
      33
      40
      22
      25
      24
      19
      30
      26
      27
      30
      33
      29
      24
      26
      20
      26
      31
      22
      25
      26
      25
      18
      20
      32
      21
      29
      30
      18
      21
      31
      19
      24
      29
      19
      29
      20
      26
      20
      33
      26
      27
      25
      25
      23
      28
      20
      18
      23
      29
      23
      26
      30
       0
       0
       0
       0
       0
       0
       0
       0
       0
       0
       0
       0
       0
       0
       0
       0
$ROI:
2
610 616
685 699
$PRESETS:
Live Time
600
0
$ENER_FIT:
0.000000 0.000000
$MCA_CAL:
3
0.000000E+000 0.000000E+000 0.000000E+000 
$SHAPE_CAL:
3
0.000000E+000 0.000000E+000 0.000000E+000
