$SPEC_ID:
No sample description was entered.
$SPEC_REM:
DET# 1
DETDESC# NECG4YMBZ1 Model 927 SN 11083097 Input 1
AP# Maestro Version 7.01
$DATE_MEA:
04/06/2017 17:45:12
$MEAS_TIM:
90 93
$DATA:
0 1023
       0
       0
       0
       0
       0
       0
       0
       0
       0
       1
    4166
   13983
   33824
   47494
   37954
   20759
    8296
    2846
     890
     464
     443
     364
     370
     390
     434
     422
     457
     434
     445
     404
     431
     436
     518
     590
     702
     698
     636
     542
     537
     516
     526
     604
     648
     649
     722
     746
     861
    1095
    1395
    1956
    2634
    3220
    3423
    3108
    2667
    1747
    1204
     827
     620
     530
     542
     516
     554
     535
     543
     560
     537
     506
     536
     499
     517
     494
     494
     517
     489
     484
     501
     524
     497
     464
     469
     436
     505
     446
     445
     458
     413
     413
     391
     393
     414
     411
     407
     403
     387
     379
     380
     404
     339
     417
     370
     379
     304
     386
     368
     348
     350
     376
     342
     382
     361
     324
     352
     331
     326
     330
     279
     323
     324
     330
     314
     277
     286
     306
     284
     266
     282
     277
     251
     280
     289
     258
     231
     244
     251
     247
     263
     234
     259
     223
     239
     223
     224
     231
     218
     216
     196
     184
     220
     190
     166
     192
     204
     193
     190
     179
     175
     176
     167
     179
     152
     174
     185
     175
     171
     182
     144
     179
     150
     155
     148
     137
     173
     151
     149
     123
     163
     164
     144
     129
     140
     133
     159
     145
     138
     140
     132
     151
     131
     130
     135
     135
     141
     144
     134
     150
     138
     137
     114
     118
     127
     108
     114
     120
     103
     110
     127
     102
     113
     118
     108
     101
     111
     115
     103
     104
      95
     105
      85
      94
     106
     107
     110
      97
     107
     105
      96
      89
     104
      98
     100
      93
     101
      75
      89
      97
     104
      88
     105
      89
      94
      84
      83
     100
      96
      88
      92
      97
      85
      94
      97
     111
      84
     114
      93
     103
      81
      89
      99
      95
     101
     102
      91
      93
     117
     112
     126
     106
     101
     109
     104
      94
      77
      85
      76
      92
      97
      79
      85
      83
      57
      76
      60
      87
      77
      64
      68
      51
      62
      75
      49
      63
      48
      74
      57
      64
      59
      52
      65
      51
      65
      46
      49
      46
      57
      60
      55
      59
      52
      59
      51
      49
      54
      48
      52
      64
      43
      44
      54
      50
      65
      49
      54
      45
      66
      71
      45
      70
      58
      53
      64
      56
      73
      75
      77
      72
      96
      85
      85
      93
      85
      89
     118
     105
      96
     140
     130
     131
     114
     162
     169
     151
     134
     159
     149
     156
     173
     175
     174
     167
     135
     156
     134
     118
     125
     106
      97
      94
      81
      88
      68
      70
      64
      58
      54
      56
      50
      40
      48
      44
      32
      32
      32
      25
      33
      25
      36
      36
      35
      34
      24
      30
      30
      23
      31
      30
      38
      29
      29
      31
      28
      26
      37
      30
      39
      23
      33
      21
      32
      30
      25
      22
      21
      32
      24
      37
      20
      23
      31
      39
      28
      32
      28
      35
      31
      23
      24
      35
      24
      34
      24
      25
      31
      15
      19
      29
      26
      36
      25
      27
      23
      32
      25
      30
      45
      29
      21
      34
      41
      25
      21
      28
      24
      22
      31
      25
      26
      24
      24
      20
      38
      25
      23
      31
      34
      22
      24
      18
      43
      28
      23
      20
      25
      14
      28
      24
      25
      31
      24
      22
      29
      27
      34
      22
      23
      26
      20
      26
      32
      24
      17
      22
      17
      19
      13
      22
      22
      23
      28
      17
      28
      18
      22
      18
      26
      24
      25
      21
      18
      17
      23
      23
      31
      25
      17
      11
      13
      20
      15
      17
      25
      13
      23
      23
      21
      23
      19
      21
      19
      24
      15
      16
      19
      19
      16
      20
      16
      15
      16
      23
      22
      21
      21
      19
      18
      13
      19
      17
      19
      13
      20
      23
      21
      25
      14
      28
      19
      20
      22
      13
      16
      16
      21
      22
      14
      22
      18
      18
      11
      15
      22
      24
      14
      14
      19
      15
      16
      19
      31
      16
      19
      15
      22
      21
      15
      13
      13
      15
      23
      21
      13
      17
      24
      26
      19
      16
      16
      18
      16
      19
      18
      23
      21
      20
      28
      23
      17
      12
      20
      17
      21
      15
      14
      15
      19
      12
      11
      15
      20
      19
      12
      20
      18
      15
      17
      17
      17
      20
      21
      26
      14
      12
      14
      16
      15
      17
      15
      17
      18
      20
      20
       9
      17
      15
      16
       8
      13
      12
      13
      17
      14
      19
      21
      14
      26
      18
      14
      19
      15
      15
      20
      16
      11
      19
       8
      13
      18
      18
      14
      15
      13
      14
       9
      17
      11
      14
      15
       6
      13
      14
      16
      11
      13
      17
      15
      19
      13
      12
      13
       5
      13
      17
      10
       9
      10
      12
      11
      18
      12
      13
       9
      10
      12
      10
      20
      16
       9
      15
       9
      15
      11
       9
       6
       9
       5
      14
      11
       9
      14
      14
      11
      14
       8
      13
      10
      15
       9
      11
      15
       9
      12
       7
      16
      16
      11
      15
      12
      12
      14
       7
      12
      15
      17
      16
      14
      15
      16
      11
      15
      17
      17
      19
      19
      15
      12
      20
      18
      24
      22
      16
      16
      21
      18
      12
      18
      13
      18
      16
      17
      12
      19
      19
      19
      17
      27
       7
      12
      20
       9
      18
      18
      16
      17
      15
       9
      16
      15
      14
       7
      12
      11
      13
      14
      10
       9
       9
       9
       8
       5
      13
      14
      12
      12
      10
      12
      11
       6
      13
      11
       6
       4
       9
      12
       8
      15
       7
       7
       8
       6
       4
      10
       9
       8
       7
       6
      11
       9
      11
       9
       8
       8
       9
      10
      15
       8
      11
       8
       6
       2
       5
       8
       8
       8
      10
       5
       9
       7
      10
       4
       7
       8
       8
       9
       7
       9
       2
      10
       6
       3
       6
       9
       4
       9
       3
       3
       7
       3
       8
       6
       5
       4
       8
       8
       4
       7
       5
       7
       9
       7
       8
       6
       6
       5
       3
      11
       4
      10
       4
       6
       4
       5
      11
      10
       5
      11
       9
       5
       8
       9
       7
       6
       9
       9
      10
       9
       5
       7
       7
      11
       5
       8
       7
      10
       9
       9
       4
       9
       7
      12
       4
       6
       9
       8
      10
       7
      10
       8
      11
       4
       6
       8
       5
      11
       4
       7
      10
       6
       7
       8
      10
      14
       9
       4
       5
      10
       5
       6
      10
       4
       6
       7
      10
       7
       6
       9
       6
       5
       4
       8
       3
       4
      10
       4
       7
      11
       5
       7
       4
       8
       7
       8
       9
       2
       4
       3
       6
       2
       8
       9
       8
       1
       7
       6
       8
       6
       8
       8
       7
       2
       2
       5
       7
       3
       5
       4
       5
       3
       7
       6
       3
       5
       6
       3
       6
       4
       4
      10
       3
       0
       0
       0
       0
       0
       0
       0
       0
       0
       0
       0
       0
       0
       0
       0
       0
$ROI:
1
38 64
$PRESETS:
Live Time
90
0
$ENER_FIT:
0.000000 0.000000
$MCA_CAL:
3
0.000000E+000 0.000000E+000 0.000000E+000 
$SHAPE_CAL:
3
0.000000E+000 0.000000E+000 0.000000E+000
