$SPEC_ID:
No sample description was entered.
$SPEC_REM:
DET# 1
DETDESC# NECG4YMBZ1 Model 927 SN 11083097 Input 1
AP# Maestro Version 7.01
$DATE_MEA:
04/06/2017 17:55:29
$MEAS_TIM:
90 103
$DATA:
0 1023
       0
       0
       0
       0
       0
       0
       0
       0
       0
       1
     647
     713
     742
     737
     758
     706
     777
     783
     736
     750
     767
     791
     807
     718
     780
     818
     763
     833
     795
     810
     791
     819
     837
     894
     850
     882
     868
     888
     887
     937
     922
     949
     882
     913
     921
     912
     930
     919
    1008
     909
     983
    1006
     974
     945
    1025
     928
     974
    1042
     947
     962
     933
     954
     910
     994
     937
     914
     990
     972
     901
     983
     913
     890
     950
     930
     943
     863
     927
     952
    1000
     944
     967
     909
     944
     941
     901
     889
     949
     853
     942
     924
     892
     876
     867
     895
     843
     912
     883
     903
     919
     895
     851
     855
     897
     804
     891
     879
     862
     837
     841
     828
     856
     806
     839
     850
     866
     931
     898
     858
     840
     848
     854
     869
     833
     873
     872
     871
     836
     862
     866
     902
     870
     846
     918
     860
     846
     885
     839
     853
     797
     735
     844
     786
     788
     782
     815
     789
     816
     853
     732
     792
     776
     749
     787
     769
     792
     757
     789
     731
     771
     813
     813
     814
     771
     747
     715
     791
     787
     795
     764
     763
     766
     746
     825
     761
     702
     788
     699
     778
     740
     724
     723
     703
     732
     720
     695
     687
     757
     669
     782
     736
     706
     676
     761
     716
     700
     710
     771
     709
     697
     705
     667
     711
     749
     731
     718
     756
     743
     738
     704
     665
     637
     689
     697
     699
     690
     675
     700
     686
     678
     696
     649
     670
     701
     698
     710
     681
     717
     667
     651
     653
     700
     668
     672
     666
     666
     703
     663
     631
     635
     647
     638
     656
     670
     646
     614
     661
     653
     694
     687
     658
     689
     649
     720
     616
     652
     676
     686
     710
     687
     641
     667
     603
     608
     697
     643
     680
     693
     700
     696
     728
     633
     687
     677
     687
     674
     685
     662
     672
     673
     673
     647
     637
     628
     637
     716
     673
     659
     647
     675
     638
     666
     637
     662
     669
     634
     638
     686
     657
     660
     644
     627
     694
     597
     644
     645
     696
     649
     638
     668
     662
     637
     669
     653
     697
     670
     597
     659
     682
     657
     667
     670
     660
     627
     677
     684
     634
     677
     653
     656
     681
     647
     673
     685
     652
     680
     635
     623
     721
     689
     671
     646
     693
     685
     660
     672
     714
     672
     692
     696
     715
     703
     701
     652
     630
     739
     638
     695
     702
     681
     716
     719
     689
     734
     638
     700
     679
     687
     698
     708
     697
     664
     693
     717
     667
     686
     690
     722
     681
     712
     655
     680
     710
     704
     653
     691
     681
     716
     740
     715
     729
     716
     748
     651
     689
     691
     760
     773
     728
     673
     746
     748
     741
     707
     767
     705
     724
     748
     721
     711
     719
     728
     693
     725
     687
     721
     752
     799
     742
     719
     729
     708
     741
     762
     735
     774
     706
     737
     761
     740
     766
     732
     742
     772
     739
     798
     751
     768
     734
     740
     696
     757
     767
     778
     735
     768
     723
     712
     757
     754
     777
     794
     736
     766
     736
     753
     800
     812
     756
     766
     742
     755
     771
     743
     737
     720
     784
     743
     744
     762
     724
     771
     794
     758
     803
     734
     763
     743
     756
     752
     713
     761
     768
     756
     716
     744
     694
     719
     749
     727
     737
     684
     736
     731
     731
     713
     675
     685
     716
     629
     613
     643
     693
     612
     616
     624
     685
     676
     667
     649
     625
     628
     608
     642
     612
     634
     637
     636
     584
     620
     645
     631
     611
     607
     647
     606
     552
     626
     643
     605
     640
     616
     647
     626
     648
     669
     691
     639
     575
     639
     686
     694
     658
     628
     692
     705
     647
     685
     725
     670
     749
     723
     668
     735
     686
     753
     721
     705
     706
     751
     728
     789
     758
     763
     792
     780
     762
     759
     777
     817
     778
     773
     803
     862
     798
     849
     834
     772
     916
     901
     882
     870
     956
     940
     970
    1012
     983
    1024
    1113
    1082
    1127
    1127
    1202
    1225
    1290
    1357
    1427
    1369
    1408
    1498
    1514
    1615
    1726
    1841
    1783
    1841
    1814
    1980
    2048
    2084
    2126
    2156
    2106
    2116
    2156
    2133
    2112
    2183
    2117
    2134
    2011
    2050
    1991
    1978
    1890
    1787
    1760
    1673
    1596
    1597
    1461
    1404
    1319
    1283
    1186
    1075
    1062
    1009
     930
     928
     914
     813
     791
     711
     715
     721
     646
     646
     694
     679
     627
     642
     635
     601
     605
     601
     650
     622
     669
     598
     577
     693
     709
     719
     730
     712
     740
     781
     862
     844
     870
     968
     948
     962
    1028
    1073
    1054
    1127
    1132
    1194
    1278
    1273
    1354
    1369
    1352
    1388
    1482
    1521
    1528
    1589
    1554
    1712
    1666
    1690
    1685
    1679
    1656
    1637
    1595
    1603
    1593
    1587
    1591
    1446
    1409
    1472
    1375
    1275
    1281
    1239
    1164
    1106
    1074
     987
     957
     920
     885
     782
     689
     682
     643
     605
     565
     528
     510
     464
     392
     373
     380
     345
     323
     298
     271
     251
     267
     279
     245
     225
     205
     192
     200
     162
     211
     187
     195
     186
     184
     155
     177
     161
     184
     157
     176
     166
     176
     165
     133
     181
     168
     156
     166
     148
     144
     169
     166
     145
     162
     142
     175
     152
     163
     148
     135
     143
     159
     164
     158
     164
     179
     135
     146
     155
     148
     162
     160
     144
     146
     163
     164
     126
     139
     121
     135
     150
     136
     132
     157
     143
     117
     150
     120
     154
     122
     140
     130
     153
     141
     164
     142
     146
     148
     159
     123
     135
     144
     155
     125
     135
     142
     137
     130
     142
     135
     145
     129
     128
     143
     145
     134
     144
     136
     156
     137
     140
     130
     137
     139
     133
     133
     115
     151
     121
     145
     138
     150
     138
     121
     137
     133
     143
     139
     121
     147
     127
     142
     120
     127
     143
     121
     128
     138
     134
     118
     124
     128
     138
     128
     119
     147
     119
     129
     124
     128
     123
     131
     110
     111
     132
     125
     130
     118
     130
     154
     156
     137
     139
     126
     117
     135
     130
     116
     142
     127
     133
     117
     122
     122
     143
     103
     117
     136
     136
      98
     126
      97
     120
     118
     127
     129
     118
     123
     119
     118
     129
     120
     104
     129
     120
      97
     116
     115
     104
     104
     120
     117
     136
     111
     125
     112
     101
     133
     126
     117
     120
     113
     133
     100
     105
     100
     113
     124
     120
     102
     111
     125
     113
     107
     101
      89
     124
     119
     123
     102
     127
     117
     109
      94
     122
     107
     113
     116
     127
      98
     106
     122
     126
     110
      93
     104
     111
     110
     114
     116
     133
     122
     110
     102
     108
      99
     115
     109
     119
     120
      90
     106
     110
     115
     106
     104
     118
     102
      95
     110
     109
     111
     103
     108
     107
     107
     100
      94
      93
      97
      97
     111
      96
      97
     101
     101
       0
       0
       0
       0
       0
       0
       0
       0
       0
       0
       0
       0
       0
       0
       0
       0
$ROI:
2
610 616
685 699
$PRESETS:
Live Time
90
0
$ENER_FIT:
0.000000 0.000000
$MCA_CAL:
3
0.000000E+000 0.000000E+000 0.000000E+000 
$SHAPE_CAL:
3
0.000000E+000 0.000000E+000 0.000000E+000
