$SPEC_ID:
No sample description was entered.
$SPEC_REM:
DET# 1
DETDESC# NECG4YMBZ1 Model 927 SN 11083097 Input 1
AP# Maestro Version 7.01
$DATE_MEA:
04/06/2017 17:37:12
$MEAS_TIM:
90 91
$DATA:
0 1023
       0
       0
       0
       0
       0
       0
       0
       0
       0
       0
     170
     193
     202
     185
     188
     257
     300
     458
     670
     725
     583
     402
     307
     243
     220
     202
     197
     220
     224
     241
     230
     259
     233
     306
     329
     360
     411
     399
     349
     348
     370
     375
     443
     381
     440
     487
     489
     461
     481
     481
     460
     509
     537
     504
     477
     504
     517
     509
     498
     537
     512
     546
     546
     521
     497
     476
     515
     539
     500
     548
     530
     503
     525
     573
     503
     519
     492
     508
     546
     499
     483
     519
     503
     494
     500
     447
     448
     438
     465
     447
     429
     442
     419
     403
     456
     422
     446
     432
     442
     393
     405
     397
     386
     420
     395
     399
     379
     383
     384
     361
     396
     372
     378
     365
     338
     349
     362
     357
     341
     333
     334
     324
     334
     276
     309
     299
     301
     283
     275
     295
     296
     271
     296
     262
     292
     276
     256
     295
     266
     274
     243
     233
     230
     222
     251
     219
     239
     229
     250
     254
     243
     247
     222
     228
     216
     206
     236
     211
     197
     244
     233
     233
     225
     202
     206
     205
     229
     196
     189
     193
     207
     195
     168
     187
     203
     176
     186
     203
     193
     192
     193
     196
     165
     193
     192
     180
     181
     161
     161
     173
     168
     189
     192
     175
     197
     165
     171
     157
     150
     180
     204
     176
     168
     160
     156
     149
     145
     155
     149
     128
     161
     156
     163
     152
     146
     136
     169
     158
     137
     142
     159
     154
     136
     155
     130
     148
     154
     135
     136
     131
     167
     144
     145
     139
     126
     137
     133
     141
     124
     123
     116
     134
     123
     117
     113
     134
     131
     132
     130
     153
     127
     122
     116
     112
     112
     107
     118
     113
     121
     124
     107
     117
     129
     110
     114
     117
     115
     111
     110
     117
     114
      97
      95
     100
      95
      97
     106
      95
      76
      82
      88
      93
      85
      81
      86
      67
      88
      73
      59
      65
      71
      55
      72
      66
      56
      63
      56
      57
      43
      53
      55
      50
      60
      62
      55
      56
      65
      60
      63
      60
      53
      68
      64
      60
      51
      68
      60
      67
      64
      71
      68
      64
      87
      75
      91
      66
      90
      79
      88
     110
     112
     114
     142
     143
     175
     160
     181
     208
     244
     238
     287
     315
     345
     357
     363
     406
     423
     477
     497
     522
     541
     540
     587
     533
     542
     545
     544
     493
     478
     529
     476
     404
     424
     413
     331
     290
     278
     209
     221
     213
     181
     177
     158
     117
     112
     102
      92
      59
      62
      66
      47
      58
      43
      36
      46
      35
      43
      33
      35
      22
      31
      30
      31
      40
      34
      26
      32
      33
      34
      17
      29
      31
      30
      24
      31
      29
      32
      30
      33
      28
      28
      34
      32
      30
      27
      40
      27
      25
      28
      28
      25
      32
      31
      28
      20
      29
      34
      33
      38
      23
      28
      28
      28
      21
      29
      24
      24
      29
      21
      29
      30
      27
      20
      26
      24
      27
      33
      23
      29
      31
      34
      32
      25
      36
      23
      26
      30
      29
      30
      21
      18
      29
      33
      21
      19
      22
      19
      25
      34
      19
      17
      25
      34
      30
      22
      22
      23
      26
      26
      19
      26
      22
      23
      14
      26
      27
      12
      27
      23
      23
      30
      34
      21
      27
      22
      29
      30
      29
      14
      16
      17
      19
      25
      19
      25
      21
      28
      24
      25
      31
      22
      24
      24
      22
      27
      34
      16
      13
      24
      17
      20
      24
      29
      23
      32
      19
      20
      20
      17
      22
      18
      18
      19
      19
      23
      21
      16
      22
      19
      19
      18
      18
      16
      22
      20
      17
      21
      22
      17
      20
      19
      24
      17
      21
      12
      16
      17
      23
      13
      11
      10
      21
      11
      23
      20
      16
      20
      16
      23
      20
      16
      22
      22
      21
      18
      20
      13
      15
      26
      28
      20
      20
      21
      20
      21
      12
      18
      16
      13
      18
      15
      24
      29
      19
      19
      16
      18
      19
      23
      15
      18
      19
      17
      17
      15
      23
      18
      12
      15
      15
      23
      30
      13
      18
      25
      14
      22
      15
      21
      18
      17
       9
      16
      15
      11
      18
      21
      11
      21
      14
      14
      19
      19
      19
      16
      19
      14
      11
      20
      18
      10
      22
      21
      21
      13
      11
      13
      13
       9
      14
      15
      12
      17
      20
      17
      14
      14
      13
      18
      14
      19
      15
      15
      20
      17
      13
      21
      20
      17
      13
      16
      10
      12
      14
      15
      11
       7
      21
      17
      14
      18
      22
      16
      16
      18
      19
      15
      17
      17
      10
      17
      14
      23
      13
      11
      14
      16
      14
      14
      15
      13
      13
      16
      11
      14
      12
      16
      11
      12
      21
       7
      16
      14
       6
      17
      11
      16
      15
      12
      18
      15
      13
      12
      15
      18
      12
      13
      15
      15
       6
      14
       8
      15
      11
      18
      11
      20
      13
      13
      10
      14
      18
      13
      10
      19
      10
      15
      24
      17
      18
      19
      14
      18
      17
      18
      21
      23
      22
      20
      19
      19
      18
      34
      18
      17
      19
      11
      15
      16
      22
      16
      11
      18
      16
      15
      14
      16
      16
      12
      18
      18
      12
      21
      12
      15
      15
      15
       9
      10
      12
      10
      13
       7
       7
      11
      11
      10
      11
      12
      12
      12
      15
      10
      10
       8
      12
       9
       9
      10
       8
       8
      10
      16
       9
       7
       4
       8
       5
       8
       7
       5
       9
       6
      11
      11
       8
       5
       8
       7
       9
       2
       7
       8
      10
      12
       8
      12
      15
       5
      10
      10
       6
      12
      10
      10
       5
      12
       6
      11
       5
       8
      10
       6
       7
      16
      10
       9
       8
       5
       9
       4
       9
       7
       8
       7
       4
       7
       8
       4
      10
       8
       9
      11
      11
       5
       7
       7
       7
      11
       8
      12
      10
       6
       9
       5
       8
       7
       8
      10
       7
       7
       6
       7
       8
      13
       6
      15
       6
       9
       4
       7
       8
       8
       8
       8
      13
       7
      13
       5
       7
       9
      16
      10
       3
       8
       4
       5
      10
       8
       7
       3
      16
      17
       7
       9
       8
      13
       6
       4
      11
       3
       6
       9
       8
       5
       9
       3
      11
       1
       4
       6
       7
       2
       3
       4
       8
      11
       5
       6
       7
       7
       6
      12
       8
       8
       2
       6
       6
       6
       3
       4
      10
       4
       6
       4
       3
       3
       7
      10
       4
       2
       4
      10
       7
       7
       2
       4
       9
      10
       9
       3
      10
       8
       9
       7
       4
       6
       7
       5
       4
      11
       3
       6
       8
       6
       3
       1
       2
       6
       5
       3
       5
      11
      11
       5
       0
       5
       5
       0
       0
       0
       0
       0
       0
       0
       0
       0
       0
       0
       0
       0
       0
       0
       0
$ROI:
1
348 358
$PRESETS:
Live Time
90
0
$ENER_FIT:
0.000000 0.000000
$MCA_CAL:
3
0.000000E+000 0.000000E+000 0.000000E+000 
$SHAPE_CAL:
3
0.000000E+000 0.000000E+000 0.000000E+000
