$SPEC_ID:
No sample description was entered.
$SPEC_REM:
DET# 1
DETDESC# NECG4YMBZ1 Model 927 SN 11083097 Input 1
AP# Maestro Version 7.01
$DATE_MEA:
04/06/2017 18:02:59
$MEAS_TIM:
60 61
$DATA:
0 1023
       0
       0
       0
       0
       0
       0
       0
       0
       0
       1
     421
     542
     484
     573
     658
     801
    1246
    2149
    3252
    3472
    2727
    1827
    1225
     821
     537
     477
     451
     435
     432
     447
     496
     481
     488
     545
     531
     517
     552
     545
     524
     581
     598
     543
     561
     579
     620
     661
     624
     608
     640
     597
     634
     691
     637
     680
     659
     642
     642
     684
     658
     678
     630
     638
     664
     681
     682
     686
     699
     698
     703
     684
     653
     705
     663
     641
     667
     695
     699
     699
     659
     689
     678
     673
     701
     665
     667
     706
     662
     661
     686
     646
     676
     639
     656
     677
     694
     755
     737
     732
     729
     777
     802
     818
     792
     813
     792
     771
     758
     721
     712
     663
     692
     645
     675
     711
     630
     667
     627
     605
     611
     600
     572
     614
     575
     512
     600
     590
     616
     596
     589
     542
     559
     602
     551
     553
     612
     567
     561
     576
     602
     499
     549
     555
     526
     515
     598
     537
     520
     589
     537
     574
     572
     533
     525
     545
     509
     569
     563
     528
     543
     545
     541
     503
     521
     548
     490
     514
     516
     522
     554
     485
     481
     541
     520
     508
     483
     506
     505
     482
     500
     469
     477
     462
     468
     468
     488
     503
     484
     462
     462
     439
     461
     471
     463
     506
     454
     433
     476
     470
     448
     484
     469
     446
     463
     465
     449
     440
     433
     471
     465
     431
     441
     472
     461
     475
     457
     489
     489
     461
     504
     446
     452
     464
     504
     464
     464
     472
     431
     469
     490
     442
     420
     454
     441
     442
     470
     431
     404
     382
     451
     363
     369
     336
     331
     319
     313
     292
     311
     276
     241
     256
     229
     224
     208
     221
     212
     244
     188
     191
     167
     202
     158
     156
     158
     162
     148
     149
     127
     136
     128
     134
     128
     103
     131
     116
     118
     114
     121
     104
     102
     106
     118
      88
      95
      96
      87
      79
      85
      87
      62
      71
      75
      68
      85
      67
      81
      83
      83
      79
      72
      87
      79
      90
      95
     107
      79
     101
     111
     102
     124
     113
     116
     134
     173
     170
     168
     200
     227
     246
     299
     365
     428
     457
     499
     608
     629
     790
     879
    1027
    1212
    1271
    1445
    1622
    1863
    2045
    2121
    2446
    2569
    2751
    2834
    3114
    3256
    3372
    3439
    3579
    3574
    3651
    3706
    3483
    3417
    3249
    3170
    2958
    2841
    2564
    2360
    2161
    1917
    1787
    1562
    1292
    1089
     995
     810
     682
     562
     467
     384
     343
     280
     213
     186
     128
     123
      90
      82
      55
      53
      37
      44
      22
      29
      37
      32
      25
      26
      25
      25
      30
      17
      30
      35
      25
      24
      25
      24
      27
      19
      29
      20
      26
      24
      26
      21
      24
      22
      20
      24
      23
      20
      23
      23
      30
      32
      28
      26
      22
      26
      17
      20
      23
      24
      17
      28
      19
      21
      30
      25
      26
      25
      27
      24
      27
      28
      18
      14
      27
      23
      28
      29
      15
      19
      29
      23
      19
      18
      29
      24
      18
      26
      24
      19
      23
      15
      26
      25
      21
      10
      26
      14
      18
      26
      18
      16
      20
      26
      23
      26
      11
      26
      27
      19
      25
      12
      22
      12
      28
      19
      24
      18
      17
      23
      15
      21
      14
      25
      16
      22
      24
      12
      12
      18
      16
      21
      15
      16
       9
      21
      17
      27
      19
      20
      17
      21
      17
      21
      16
      17
      14
      14
      20
      24
      15
      15
      17
      11
      14
      12
      17
      23
      18
       9
      11
      15
      16
       7
      10
      13
      12
      13
      13
      13
      14
      12
      16
      12
      14
      16
      21
      17
      14
       9
      16
      16
      13
      16
      16
      11
      12
      16
      14
      15
      13
      20
      21
       8
      12
      14
      13
      11
      12
      17
      14
      15
      16
      16
      11
      16
      18
       9
      18
      13
      19
      13
      10
      13
      18
      18
      12
      15
      11
      12
      14
      16
      15
      16
      23
      11
      16
      13
      12
      20
      16
      12
      17
      19
      14
       7
      15
      14
      12
      14
      10
      15
      16
      16
       9
      12
      12
      15
      14
       8
       9
      13
       6
      16
      13
      14
       5
       8
      11
      14
       9
      10
       6
      19
      13
      12
      13
      13
      10
       7
      13
       8
       9
      11
      14
      10
      10
      13
      10
      12
      15
      14
      10
       7
       9
      17
      14
      13
      11
      11
      11
      12
      11
      10
      12
      13
      12
      13
       1
      10
      16
      16
      11
       8
      12
      15
      11
      13
      15
      12
      11
       9
      13
      16
      10
       9
      11
      16
      11
      14
      12
      13
      16
      15
      12
      15
      14
       6
       9
       8
      15
       6
      11
       9
       9
       7
      11
      16
      11
       9
      12
       8
       6
       6
       6
       6
       9
      14
       7
       3
      12
      10
      11
      11
      10
       6
       6
       4
      10
       6
       7
      12
       9
       8
       7
      10
       6
       8
      17
      10
      16
      14
      12
      14
      12
      15
      10
      12
      12
      14
      22
      12
      15
      13
      10
       6
      10
      16
      15
      11
      12
       3
      11
       9
       8
       3
      11
       9
      10
      10
      13
       7
       1
      11
      12
      11
       9
      13
       6
      13
       8
       6
       8
       7
       5
       7
       4
       3
      12
       5
       4
       8
       4
       6
       6
       7
       8
       7
       5
       6
       4
       7
       7
       9
       4
       4
       6
       5
       3
       5
       4
       3
       8
       3
       4
       3
       7
       9
       4
       6
       3
       7
       9
       7
       7
       5
      16
       3
       4
       2
       6
       2
       4
       4
       7
       6
       2
       5
       3
       6
       7
       4
       3
       5
       0
       3
       3
       7
       4
       4
       5
       5
       2
       8
       5
       3
       2
       7
       2
       3
       5
       5
       3
       3
       4
       5
       5
       1
       6
       5
       6
       8
       4
       7
       4
       6
       3
       2
       3
       5
       2
       3
       2
       6
       5
       4
       7
       7
       2
       3
       2
       6
       8
       6
       4
       5
      10
       6
       4
       4
       6
       4
       6
       8
       7
       3
       4
       8
       4
       7
      10
       4
      16
      12
       8
       2
       3
       2
       2
       1
       2
       1
       1
       2
       2
       5
       4
       3
       4
       3
       3
       1
       4
       5
       6
       4
       2
       2
       7
       3
       6
       7
       5
       4
       1
       4
       1
       5
       3
       0
       1
       3
       2
       4
       1
       4
       4
       2
       1
       3
       4
       4
       3
       0
       6
       3
       0
       4
       3
       4
       2
       4
       1
       3
       4
       6
       5
       1
       4
       3
       1
       5
       2
       2
       6
       0
       1
       7
       4
       0
       5
       5
       5
       4
       3
       3
       3
       1
       1
       4
       1
       2
       5
       2
       3
       3
       3
       5
       2
       2
       2
       2
       4
       2
       3
       4
       1
       0
       0
       0
       0
       0
       0
       0
       0
       0
       0
       0
       0
       0
       0
       0
       0
$ROI:
2
610 616
685 699
$PRESETS:
Live Time
60
0
$ENER_FIT:
0.000000 0.000000
$MCA_CAL:
3
0.000000E+000 0.000000E+000 0.000000E+000 
$SHAPE_CAL:
3
0.000000E+000 0.000000E+000 0.000000E+000
