$SPEC_ID:
No sample description was entered.
$SPEC_REM:
DET# 1
DETDESC# NECG4YMBZ1 Model 927 SN 11083097 Input 1
AP# Maestro Version 7.01
$DATE_MEA:
04/06/2017 18:04:21
$MEAS_TIM:
60 63
$DATA:
0 1023
       0
       0
       0
       0
       0
       0
       0
       0
       0
       0
     395
     502
     537
     559
     604
     726
     965
    1598
    2414
    3057
    3040
    2250
    1577
    1068
     754
     621
     526
     469
     487
     452
     491
     490
     473
     521
     506
     485
     521
     550
     559
     525
     601
     572
     621
     598
     626
     657
     670
     705
     706
     670
     689
     645
     677
     671
     664
     634
     626
     658
     680
     686
     692
     681
     678
     704
     681
     666
     677
     669
     666
     710
     649
     666
     658
     675
     684
     664
     741
     718
     657
     674
     649
     720
     725
     720
     609
     660
     692
     650
     713
     668
     687
     684
     677
     661
     700
     690
     711
     676
     719
     711
     682
     781
     764
     721
     762
     759
     740
     766
     762
     727
     738
     698
     653
     652
     658
     644
     674
     672
     642
     587
     651
     554
     597
     602
     629
     534
     546
     616
     579
     567
     618
     584
     532
     600
     575
     593
     557
     572
     560
     537
     588
     585
     555
     547
     576
     508
     516
     504
     536
     546
     560
     547
     519
     540
     527
     543
     525
     569
     531
     538
     556
     545
     527
     535
     542
     549
     516
     549
     524
     531
     521
     517
     529
     476
     548
     523
     505
     512
     513
     506
     525
     468
     487
     479
     504
     530
     473
     543
     523
     507
     501
     532
     561
     489
     473
     532
     529
     536
     499
     518
     502
     494
     513
     489
     491
     531
     445
     496
     495
     440
     477
     467
     435
     474
     467
     445
     473
     460
     426
     405
     494
     465
     461
     466
     468
     456
     457
     420
     471
     445
     449
     412
     447
     451
     434
     445
     428
     407
     447
     415
     385
     411
     432
     442
     413
     410
     363
     416
     373
     370
     351
     323
     327
     310
     291
     317
     268
     261
     240
     240
     222
     236
     224
     231
     211
     203
     175
     189
     164
     148
     149
     148
     205
     155
     162
     139
     133
     150
     142
     126
     122
     104
     116
     123
     125
     131
     114
     119
      90
     120
     111
     105
      99
      96
      99
      90
     100
      95
      83
      91
      98
     113
      87
      98
      91
      79
     104
     116
     105
     107
     117
     103
     129
     103
     130
     136
     165
     158
     150
     143
     190
     192
     197
     202
     251
     263
     292
     302
     336
     376
     407
     435
     473
     487
     595
     629
     703
     780
     817
     936
    1052
    1160
    1315
    1367
    1548
    1657
    1864
    2037
    2199
    2329
    2466
    2700
    2655
    2861
    2977
    3181
    3093
    3159
    3139
    3203
    3258
    3149
    3100
    2896
    2912
    2614
    2484
    2501
    2160
    2055
    1937
    1717
    1531
    1378
    1253
    1057
     888
     830
     646
     521
     454
     398
     335
     240
     243
     173
     157
     148
     113
      83
      70
      71
      69
      52
      47
      54
      36
      39
      36
      33
      41
      34
      33
      26
      24
      35
      32
      34
      22
      37
      27
      30
      20
      26
      29
      26
      26
      32
      35
      32
      23
      20
      30
      23
      29
      32
      34
      21
      27
      27
      34
      34
      18
      26
      23
      28
      24
      22
      21
      28
      32
      28
      26
      28
      30
      23
      23
      28
      24
      27
      24
      35
      21
      23
      28
      26
      29
      19
      27
      36
      31
      34
      20
      23
      24
      24
      25
      21
      21
      17
      25
      17
      24
      20
      17
      28
      24
      20
      37
      14
      19
      18
      23
      18
      15
      17
      21
      22
      26
      27
      19
      30
      21
      24
      23
      24
      25
      21
      18
      16
      22
      21
      21
      14
      18
      20
      23
      17
      16
      21
      22
      19
      20
      20
      36
      22
      20
      16
      18
      17
      28
      13
      24
      19
      22
      15
      17
      14
      26
      13
      19
      23
      19
      17
      24
      26
      20
       7
      14
       8
      24
      18
      12
      15
      18
      16
      16
      17
      13
      21
       9
      21
      16
      18
      20
      13
      11
      14
      18
      20
      16
      22
      15
      13
      16
      20
      19
      15
      10
      14
      13
      19
      14
      16
      25
      13
      13
      13
      24
      16
      12
      18
      14
      19
      14
      18
      17
      14
      14
      15
      10
      19
      16
      14
      11
      14
       9
      17
      18
      12
      15
      14
      16
      17
      13
      13
      18
      15
      19
      20
      10
      15
      24
       9
      14
      10
      11
      11
      18
      17
       9
      19
      15
      16
      11
      14
      10
      16
       8
      15
      16
      16
      12
       7
      14
      14
      14
      11
      10
      18
      12
      10
      21
      11
      11
      18
      20
      14
       8
      10
       9
      13
       7
       8
      21
      13
       9
      10
      17
       8
      15
       3
      10
      11
      13
      10
      10
       8
      12
      11
      22
      20
      11
      14
      16
      16
       6
      11
      10
      12
      15
       9
       8
      13
      16
      12
      12
      10
      18
      15
      12
      15
      11
      15
      15
      15
      25
      10
       9
      12
      14
      17
      14
       9
      12
      11
      14
       7
      24
      14
       7
       9
       9
      18
      13
       8
      11
      17
       9
      10
       7
       9
      16
      14
      10
      11
       4
      14
      15
      10
      11
      10
       8
       7
       9
      14
      11
      10
      12
      14
      11
       8
      13
       9
       6
       8
      11
       8
       8
      13
      13
      15
      13
       8
      10
       9
       7
      11
       8
      15
       7
      10
       6
      18
      12
       9
      14
      10
      10
      12
      16
      14
       9
       8
      13
      10
       8
      11
      10
      11
      11
      12
      16
      13
      10
       9
      11
       7
       6
      13
      12
       8
      11
      15
       7
       6
       5
       9
      10
       9
       8
       8
       8
       8
       5
      11
       8
       8
       6
      12
       5
       3
       5
       6
      12
       4
       3
       4
       2
       6
       3
       7
       3
       7
       6
       4
       2
       3
      11
       7
       4
       5
       4
       7
       4
       0
       3
       6
       5
       2
       4
       8
       5
       5
       7
       5
       2
       8
       5
       4
       8
       7
       8
       2
       6
       6
       1
       3
       2
       6
       3
       3
       5
       2
       3
       4
       2
       1
       3
       9
       3
       3
       3
       5
       5
       5
       8
       3
       4
       5
       5
       6
       5
       5
       4
       7
       4
       2
       7
       3
       7
       2
       2
       7
       3
       6
       4
       2
       4
       6
       6
      10
       5
       3
       6
       7
       3
       3
       9
       5
       5
       5
       3
       3
       6
       3
      10
       4
       7
       2
       5
       4
       5
       6
       1
       5
       6
       4
       8
       7
       4
       1
       6
       3
       5
       5
       3
       2
       1
       6
       2
       5
       6
       7
       8
       4
       8
       6
       5
       7
       1
       9
       4
       1
       1
       3
       3
       2
       4
       2
       4
       8
       4
       1
       3
       4
       5
       5
       0
       3
      11
       3
       5
       5
       4
       2
       6
       7
       5
       2
       1
       0
       8
       8
       1
       4
       4
       4
       0
       2
       0
       1
       2
       1
       1
       7
       0
       4
       4
       3
       3
       6
       1
       2
       4
       3
       2
       2
       0
       0
       0
       0
       0
       0
       0
       0
       0
       0
       0
       0
       0
       0
       0
       0
$ROI:
2
610 616
685 699
$PRESETS:
Live Time
60
0
$ENER_FIT:
0.000000 0.000000
$MCA_CAL:
3
0.000000E+000 0.000000E+000 0.000000E+000 
$SHAPE_CAL:
3
0.000000E+000 0.000000E+000 0.000000E+000
