$SPEC_ID:
No sample description was entered.
$SPEC_REM:
DET# 1
DETDESC# NECG4YMBZ1 Model 927 SN 11083097 Input 1
AP# Maestro Version 7.01
$DATE_MEA:
04/06/2017 18:09:09
$MEAS_TIM:
60 73
$DATA:
0 1023
       0
       0
       0
       0
       0
       0
       0
       0
       0
       9
     657
     742
     925
    1459
    2294
    2696
    2412
    1769
    1240
    1058
     801
     741
     631
     646
     623
     585
     589
     596
     604
     623
     618
     642
     718
     646
     712
     681
     692
     706
     796
     761
     794
     759
     808
     787
     736
     748
     733
     742
     772
     766
     743
     762
     749
     783
     774
     711
     764
     779
     791
     761
     768
     772
     784
     737
     793
     782
     767
     787
     766
     803
     713
     780
     747
     768
     755
     753
     762
     759
     727
     778
     762
     754
     793
     835
     772
     805
     846
     823
     851
     836
     840
     817
     808
     790
     831
     773
     783
     769
     730
     715
     730
     718
     721
     705
     698
     697
     702
     646
     669
     667
     699
     617
     655
     664
     696
     666
     646
     664
     626
     608
     600
     619
     651
     644
     566
     612
     635
     589
     580
     611
     633
     634
     608
     640
     683
     652
     655
     583
     601
     565
     588
     672
     611
     606
     577
     591
     586
     591
     571
     572
     533
     612
     578
     579
     575
     552
     531
     586
     560
     513
     579
     569
     553
     580
     565
     558
     593
     560
     560
     589
     566
     555
     506
     523
     557
     509
     553
     541
     490
     540
     489
     507
     529
     544
     518
     560
     551
     523
     505
     519
     534
     503
     546
     546
     510
     515
     536
     477
     472
     543
     529
     540
     571
     562
     556
     487
     529
     460
     494
     494
     489
     425
     451
     426
     457
     421
     378
     425
     369
     348
     345
     324
     359
     336
     324
     333
     304
     289
     342
     315
     316
     283
     276
     292
     310
     335
     310
     294
     307
     272
     265
     282
     301
     271
     312
     296
     304
     276
     297
     329
     279
     321
     319
     334
     330
     285
     323
     339
     346
     349
     364
     358
     360
     339
     346
     396
     383
     415
     375
     454
     436
     397
     470
     506
     505
     550
     531
     544
     565
     615
     663
     662
     716
     813
     812
     990
    1065
    1128
    1192
    1330
    1489
    1644
    1815
    1857
    2112
    2242
    2424
    2595
    2682
    2755
    2887
    3017
    3041
    3058
    3131
    3009
    2913
    2700
    2771
    2656
    2396
    2291
    2124
    1942
    1712
    1559
    1314
    1209
    1046
     907
     768
     660
     645
     498
     419
     363
     284
     258
     249
     194
     179
     144
     137
     124
     128
     119
      97
     105
     107
      87
     106
     100
      88
     105
      93
      94
      91
      96
      86
      68
      85
      94
      81
      72
      85
      92
      92
      91
      71
      72
      83
      67
      71
      65
      85
      67
      78
      71
      78
      63
      59
      65
      81
      66
      71
      80
      70
      71
      68
      68
      56
      73
      60
      67
      78
      61
      68
      66
      68
      61
      60
      67
      70
      62
      62
      83
      61
      57
      62
      54
      64
      49
      50
      70
      54
      53
      52
      37
      45
      61
      60
      55
      64
      56
      56
      54
      50
      56
      57
      55
      53
      55
      37
      55
      47
      43
      44
      45
      40
      51
      29
      46
      52
      59
      55
      49
      56
      47
      49
      56
      49
      56
      54
      47
      47
      43
      42
      42
      42
      36
      51
      44
      39
      53
      40
      53
      40
      41
      48
      44
      37
      38
      32
      49
      50
      47
      55
      38
      34
      37
      41
      43
      32
      38
      50
      45
      32
      38
      41
      37
      37
      33
      31
      38
      30
      39
      35
      35
      41
      32
      52
      37
      40
      27
      43
      48
      26
      25
      39
      30
      33
      31
      30
      27
      30
      34
      32
      29
      31
      39
      28
      36
      25
      35
      34
      32
      31
      29
      31
      29
      31
      27
      29
      28
      43
      23
      35
      31
      35
      28
      24
      36
      27
      35
      27
      29
      16
      29
      28
      33
      42
      40
      27
      34
      31
      31
      24
      23
      34
      34
      28
      37
      29
      22
      18
      34
      30
      25
      34
      33
      29
      26
      27
      29
      22
      35
      37
      21
      35
      36
      26
      33
      25
      22
      28
      32
      40
      24
      25
      20
      31
      33
      34
      27
      33
      31
      36
      39
      33
      29
      26
      40
      24
      32
      23
      37
      37
      31
      20
      35
      34
      29
      22
      34
      24
      26
      21
      24
      26
      20
      35
      17
      23
      24
      12
      20
      20
      21
      24
      30
      21
      17
      16
      10
      16
      24
      21
      13
      17
      22
      17
      14
      16
      12
      10
      21
      10
      13
      16
      15
      15
      19
      20
      12
      18
      13
      23
      17
      12
      24
      13
      15
      18
      18
      21
      10
       6
      18
      14
      19
      12
      11
      13
      12
       9
      12
      12
      16
      13
      14
      10
       9
       9
      18
      11
      11
      12
       6
      10
      11
      10
      11
       9
       9
       7
      10
      10
       9
       7
      11
      13
       8
       8
       6
       7
       6
       5
       9
       7
       6
      13
      10
      11
       5
       8
       5
      10
      11
       4
       5
       8
      10
       7
       9
       7
       7
       7
       7
      10
       3
       5
       6
       8
       7
       7
      10
      11
       3
       8
      11
       2
       7
       3
       5
       7
      10
       9
       9
       5
       9
       4
       8
       5
       4
      12
       4
       8
       6
       6
       6
      11
      10
       9
      10
       8
       2
       7
       2
       7
       6
       7
       5
      10
       7
      12
      11
      13
       8
       2
       5
       5
       4
       8
      10
       4
       3
       3
       4
       2
       9
      14
       3
       6
       9
       3
       5
       2
       9
       7
      11
       3
       6
       6
       5
       6
       8
      10
       7
       4
       8
       2
       4
       4
       3
       7
       8
       7
       4
       4
       3
       3
       4
      11
       7
      10
       1
       6
       6
       5
       6
       6
       3
       6
       5
       7
       8
       6
       1
       7
       8
       4
       7
       5
       5
       3
       4
       7
       6
       4
       2
       3
       6
       8
       6
       7
       7
       6
       1
       4
       2
       3
       4
       3
       2
       6
       4
       7
       4
       4
       4
       5
       4
       5
       5
       7
       3
       4
       7
       6
       7
       5
       6
       6
       2
       5
       3
       5
       6
       4
       5
       8
       6
       1
       4
       3
       1
       1
       3
       4
       4
       7
       2
       4
       4
       3
       0
       2
      11
       4
       4
       5
       0
       2
       6
       2
       8
       1
       2
       3
       0
       4
       3
       2
       2
       2
       3
       6
       3
       4
       1
       5
       4
       2
       5
       3
       5
       3
       4
       0
       2
       3
       4
       2
       2
       4
       5
       9
       2
       3
       2
       1
       3
       2
       5
       6
       3
       3
       3
       5
       6
       4
       4
       6
       5
       0
       2
       2
       4
       3
       1
       5
       6
       5
       6
       4
       6
       5
       2
       4
       3
       5
       2
       2
       7
       6
       5
       6
       3
       4
       8
       5
       8
       3
       4
       4
       1
       6
       8
       6
       6
       3
       3
       4
      10
       2
       7
       5
       6
       5
       8
       2
       1
       4
       2
       2
       2
       5
       7
       0
       0
       0
       0
       0
       0
       0
       0
       0
       0
       0
       0
       0
       0
       0
       0
$ROI:
2
610 616
685 699
$PRESETS:
Live Time
60
0
$ENER_FIT:
0.000000 0.000000
$MCA_CAL:
3
0.000000E+000 0.000000E+000 0.000000E+000 
$SHAPE_CAL:
3
0.000000E+000 0.000000E+000 0.000000E+000
