$SPEC_ID:
No sample description was entered.
$SPEC_REM:
DET# 1
DETDESC# NECG4YMBZ1 Model 927 SN 11083097 Input 1
AP# Maestro Version 7.01
$DATE_MEA:
04/06/2017 18:01:20
$MEAS_TIM:
60 61
$DATA:
0 1023
       0
       0
       0
       0
       0
       0
       0
       0
       0
      70
     525
     564
     601
     650
     940
    1527
    2607
    3854
    3742
    2498
    1561
     979
     648
     509
     476
     465
     482
     533
     508
     540
     538
     555
     540
     598
     601
     591
     610
     621
     670
     598
     679
     680
     712
     700
     710
     697
     722
     675
     720
     723
     763
     735
     677
     718
     734
     731
     752
     754
     748
     761
     754
     729
     754
     750
     776
     725
     719
     742
     774
     775
     678
     722
     759
     723
     717
     640
     707
     728
     716
     726
     767
     683
     708
     732
     722
     766
     757
     725
     769
     833
     827
     806
     826
     829
     891
     853
     881
     824
     831
     800
     786
     772
     741
     687
     680
     665
     656
     668
     688
     649
     634
     662
     646
     674
     596
     635
     665
     683
     606
     611
     623
     648
     656
     579
     611
     574
     595
     594
     605
     615
     597
     589
     544
     576
     584
     586
     622
     635
     562
     609
     615
     542
     592
     584
     587
     592
     557
     610
     569
     586
     581
     621
     558
     589
     577
     571
     535
     529
     552
     502
     478
     518
     510
     495
     496
     532
     520
     530
     528
     512
     511
     516
     535
     493
     479
     487
     551
     489
     523
     549
     521
     513
     497
     476
     526
     475
     496
     499
     507
     477
     482
     511
     531
     503
     459
     486
     508
     534
     521
     522
     502
     465
     533
     533
     530
     532
     468
     547
     470
     533
     517
     520
     497
     480
     514
     493
     469
     473
     454
     435
     456
     390
     385
     345
     320
     339
     325
     289
     302
     266
     265
     257
     247
     254
     220
     203
     215
     188
     197
     202
     187
     183
     171
     152
     158
     162
     128
     151
     129
     128
     133
     126
     117
     114
     121
     124
     107
     120
     105
      77
      82
      95
      84
      99
      79
      86
      83
      97
      81
      95
      73
      80
      74
      80
      87
      77
      73
      88
      88
      70
      87
      71
      97
     100
     117
     114
     110
     129
     143
     149
     171
     214
     217
     297
     329
     399
     441
     540
     642
     754
     883
    1056
    1188
    1428
    1677
    1888
    2035
    2379
    2522
    2829
    3135
    3308
    3522
    3650
    3691
    3986
    4062
    3926
    4076
    3979
    3875
    3799
    3461
    3305
    3037
    2685
    2549
    2339
    1933
    1762
    1476
    1308
    1136
     889
     743
     575
     509
     413
     311
     264
     204
     138
     114
      94
      90
      44
      59
      35
      50
      31
      17
      29
      26
      23
      29
      28
      28
      33
      25
      28
      23
      24
      36
      22
      24
      19
      25
      33
      25
      28
      19
      23
      19
      30
      20
      34
      20
      20
      19
      24
      22
      24
      23
      21
      14
      15
      14
      29
      18
      21
      20
      25
      21
      23
      21
      22
      30
      24
      28
      27
      28
      27
      25
      18
      21
      25
      20
      21
      19
      19
      21
      17
      23
      19
      29
      14
      28
      18
      22
      17
      20
      25
      24
      17
      20
      15
      22
      15
      23
      27
      16
      19
      20
      14
      12
      17
      22
      25
      17
      18
      10
      23
      14
      11
      16
      21
      16
      13
      18
      21
      27
      18
      14
      14
      19
      20
      14
      21
      13
      21
      17
      14
      14
       9
      12
      16
      12
      18
      16
      10
      21
      16
      18
      12
      13
      12
      17
      21
      19
      10
       9
      11
      20
      10
       9
      13
      16
      17
      21
      14
      12
      13
      21
      12
      14
      20
      15
       7
      13
      18
      22
      13
      15
       4
      13
      15
      13
      20
      16
      15
      16
       7
      19
      11
      10
      12
      15
      16
       8
      11
      14
      13
      19
      16
      10
      12
      16
      11
       8
      12
      24
      19
      14
       9
      18
      11
      14
      19
      13
      17
      19
      15
      14
      10
      18
      17
      20
      17
      18
      13
      17
      11
      12
      15
      19
      10
      21
      14
      13
      19
      10
      13
      11
      17
      11
      14
      13
      15
      13
      15
       8
       6
      20
      11
      18
       7
       6
       9
      12
       8
      13
       8
      11
      17
       9
       8
      12
      12
       8
      12
      13
      12
       9
      21
      13
      13
      15
      21
      14
       6
      13
      13
       9
      10
      15
      17
      19
       9
       9
      18
      17
       9
      12
      13
      10
      11
      15
      11
      16
      10
      12
      13
      18
       8
      16
      15
      13
       5
      10
      11
      17
      11
      12
       9
      15
      10
      15
      12
       9
      14
      13
       9
      10
       7
      13
       5
      10
       8
      14
       8
       6
      11
      10
       9
      12
      10
      13
      10
       8
      12
      11
       9
       7
       9
       7
       8
      10
      13
      10
      10
      10
       5
      15
      10
      16
      12
      14
      16
      11
       7
      15
      11
      11
       9
      14
       9
      13
      12
      10
      11
      12
      13
       9
      16
      17
      10
      15
      16
       9
      10
       9
       8
       9
       6
      17
      14
       8
       6
       5
       8
       4
       8
       6
       8
       5
       5
       9
       6
      10
       7
       5
       6
       7
       2
       3
       5
       2
       7
       2
       6
       7
       6
       7
       8
       5
       2
       6
       3
       3
       5
       4
       5
       5
       4
       4
       4
       5
       5
       6
      10
       4
       4
       4
       3
       3
       6
       8
       6
       3
       6
       3
       6
       8
       3
       8
       4
       5
       3
      10
       5
       3
       3
       3
       4
       7
       5
       6
       2
       7
       5
       4
       5
       5
       3
       6
      10
       5
       5
       5
       4
       6
       8
       3
       6
       2
       6
       2
       4
       7
       4
       4
       4
       9
       6
       6
       4
       8
       6
       5
       4
       2
       6
       5
       9
      10
       7
       6
       7
       5
       4
       5
       7
       6
       5
       2
       5
       7
       3
       5
       5
       4
       4
       5
       7
       3
       4
       5
       2
       3
       7
       3
       1
       1
       4
       1
       4
       1
       5
       4
       2
       5
       9
       3
       5
       5
       4
       2
       3
       3
       1
       2
       3
       2
       5
       3
       3
       4
       5
       3
       1
       1
       3
       2
       5
       4
       3
       4
       4
       4
       1
       2
       2
       2
       5
       2
       1
       4
       3
       5
       6
       3
       4
       3
       1
       0
       1
       2
       3
       2
       3
       4
       5
       4
      10
       6
       2
       4
       1
       1
       6
       6
       6
       2
       4
       2
       3
       4
       2
       3
       3
       3
       7
       1
       5
       7
       1
       5
       1
       1
       2
       3
       2
       4
       4
       3
       0
       2
       4
       4
       2
       2
       4
       2
       2
       0
       4
       2
       1
       0
       2
       3
       2
       2
       3
       1
       1
       0
       1
       2
       4
       5
       1
       5
       1
       1
       0
       0
       3
       2
       2
       0
       5
       2
       1
       4
       1
       4
       2
       2
       0
       0
       0
       0
       0
       0
       0
       0
       0
       0
       0
       0
       0
       0
       0
       0
       0
       0
       0
       0
       0
       0
       0
       0
       0
       0
       0
       0
       0
       0
       0
       0
       0
       0
       0
       0
       0
       0
       0
       0
       0
       0
       0
       0
       0
$ROI:
2
610 616
685 699
$PRESETS:
Live Time
60
0
$ENER_FIT:
0.000000 0.000000
$MCA_CAL:
3
0.000000E+000 0.000000E+000 0.000000E+000 
$SHAPE_CAL:
3
0.000000E+000 0.000000E+000 0.000000E+000
