$SPEC_ID:
No sample description was entered.
$SPEC_REM:
DET# 1
DETDESC# NECG4YMBZ1 Model 927 SN 11083097 Input 1
AP# Maestro Version 7.01
$DATE_MEA:
04/06/2017 18:07:41
$MEAS_TIM:
60 68
$DATA:
0 1023
       0
       0
       0
       0
       0
       0
       0
       0
       0
       4
     567
     667
     687
     765
     983
    1541
    2354
    2603
    2389
    1867
    1442
    1062
     836
     694
     633
     580
     540
     509
     588
     596
     562
     586
     639
     582
     614
     641
     656
     632
     629
     641
     653
     743
     684
     725
     768
     735
     776
     727
     683
     684
     739
     740
     711
     711
     715
     682
     695
     667
     681
     715
     691
     728
     686
     735
     729
     725
     741
     747
     701
     728
     752
     728
     752
     775
     762
     736
     750
     693
     756
     696
     708
     719
     676
     758
     674
     731
     747
     732
     747
     737
     671
     763
     735
     809
     737
     786
     797
     771
     789
     806
     794
     732
     729
     755
     743
     776
     753
     682
     697
     673
     636
     644
     663
     677
     650
     656
     610
     583
     618
     637
     599
     647
     609
     572
     617
     653
     581
     585
     601
     561
     543
     574
     638
     568
     530
     581
     618
     578
     583
     579
     592
     561
     552
     539
     557
     600
     531
     562
     584
     573
     595
     568
     570
     546
     557
     578
     549
     545
     559
     565
     561
     542
     541
     551
     528
     539
     551
     545
     527
     578
     550
     539
     538
     504
     522
     522
     528
     509
     541
     561
     496
     555
     540
     489
     494
     552
     536
     541
     545
     531
     516
     483
     484
     458
     507
     497
     491
     479
     487
     496
     485
     478
     469
     522
     448
     443
     478
     441
     425
     458
     437
     488
     496
     486
     419
     510
     460
     461
     432
     428
     419
     493
     423
     412
     405
     402
     396
     412
     358
     382
     379
     347
     331
     339
     316
     305
     304
     297
     249
     255
     223
     244
     260
     233
     246
     230
     203
     231
     229
     211
     224
     200
     190
     198
     211
     204
     204
     197
     212
     219
     179
     200
     198
     201
     245
     226
     246
     219
     226
     265
     233
     248
     243
     258
     247
     271
     246
     261
     283
     287
     312
     278
     304
     315
     288
     346
     313
     312
     328
     332
     365
     325
     394
     401
     411
     410
     408
     442
     463
     484
     494
     523
     527
     586
     614
     624
     629
     731
     779
     832
     886
    1004
    1098
    1169
    1213
    1337
    1543
    1681
    1756
    1851
    2143
    2214
    2355
    2560
    2644
    2756
    2827
    2955
    2961
    2943
    3071
    2940
    2950
    2839
    2691
    2646
    2511
    2363
    2216
    2026
    1895
    1698
    1425
    1306
    1206
    1072
     944
     776
     722
     573
     519
     427
     368
     333
     267
     223
     201
     163
     145
     128
      97
      95
      96
      76
      83
      78
      69
      64
      74
      52
      66
      59
      55
      51
      60
      66
      43
      60
      59
      66
      62
      67
      61
      53
      61
      44
      52
      46
      50
      49
      46
      48
      73
      46
      56
      54
      52
      66
      60
      54
      48
      45
      62
      53
      47
      47
      48
      39
      34
      55
      52
      36
      40
      45
      45
      36
      26
      44
      38
      38
      42
      27
      36
      40
      48
      41
      51
      41
      48
      39
      45
      43
      38
      49
      44
      38
      45
      35
      33
      40
      36
      43
      37
      29
      34
      37
      43
      30
      39
      39
      40
      27
      38
      37
      47
      36
      34
      43
      31
      42
      30
      33
      34
      29
      32
      27
      32
      33
      35
      33
      27
      29
      23
      26
      36
      35
      26
      38
      27
      26
      31
      33
      30
      40
      29
      29
      26
      43
      36
      39
      31
      26
      30
      39
      41
      25
      31
      25
      33
      21
      22
      27
      24
      27
      36
      25
      33
      37
      28
      27
      33
      27
      33
      17
      22
      15
      27
      26
      29
      28
      29
      19
      32
      28
      22
      29
      20
      18
      26
      24
      32
      20
      25
      28
      27
      22
      30
      19
      30
      22
      18
      21
      23
      20
      30
      20
      27
      27
      24
      21
      25
      26
      29
      25
      21
      30
      20
      24
      21
      24
      23
      28
      15
      14
      20
      14
      16
      24
      19
      24
      23
      17
      24
      21
      23
      16
      22
      17
      19
      30
      21
      20
      22
      18
      17
      24
      24
      16
      20
      20
      22
      16
      21
      24
       9
      16
      24
      17
      31
      17
      18
      20
      17
      15
      12
      23
      18
      17
      17
      19
      21
      19
       8
      15
      23
      22
      21
      20
      25
      14
      21
      14
      28
      26
      21
      17
      22
      22
      18
      25
      17
      24
      20
      14
      21
      17
      24
      23
      22
      24
      20
      27
      22
      12
      19
      18
      25
      19
      23
      18
      20
      31
      24
      17
      19
      21
      22
      21
      19
      10
      23
      23
      21
      16
      19
      16
      18
      12
      23
      16
      14
      14
      16
      17
      14
      14
      12
      10
      10
      13
      10
      10
      15
      12
       8
      15
      14
      14
      12
       7
       7
      14
       9
      14
      12
      13
      13
      10
      14
      10
      13
      16
      13
       7
      14
       9
      19
      13
       9
      17
      13
       8
      11
      16
      13
      15
      11
      11
      16
      14
      15
      18
      14
       9
      15
       5
      10
       8
      11
      10
       5
      11
       6
       5
       7
       4
       6
      10
      11
      10
       6
      15
      11
       5
       9
       9
       4
       7
      10
      10
       6
      12
       8
       9
       8
       7
       9
       6
       2
       5
       8
      11
       2
       7
       2
       7
       4
       6
       9
       5
       7
       6
       2
       9
       5
       6
      12
      10
       3
       6
       6
      11
       4
       7
       6
       5
       5
       5
       8
      10
       5
       5
       7
       5
      10
       2
       7
       6
       8
       7
       6
       4
       5
       7
       6
       3
       6
       3
       7
       8
       4
       3
       5
       4
       3
       4
       4
       3
       4
       4
       5
       9
       2
      12
       3
       5
       4
       2
       4
       9
       9
       2
       8
       6
       2
       5
       8
       4
       3
      10
       3
       9
       4
      10
       4
       6
       5
       7
       5
       8
       2
       2
       5
       8
       7
       5
       7
       3
       3
       7
       9
       6
       2
       4
       7
       4
       3
       4
       4
       6
       3
       5
       3
       2
       3
       7
       7
       4
       4
       3
       5
       8
       5
       5
       4
       4
       4
       5
       7
       3
       5
       3
       3
       3
       4
       4
       2
       5
       4
       3
       6
       3
       5
       2
       6
       5
       1
       3
       3
       6
       3
       4
       4
       5
       1
       5
       1
       4
       4
       1
       7
       3
       3
       2
       4
       5
       4
       5
       3
       3
       3
       2
       3
       3
       5
       1
       5
       3
       2
       1
       7
       3
       3
       3
       0
       3
       0
       5
       4
       2
       4
       6
       5
       3
       2
       7
       2
       1
       3
       2
       2
       5
       0
       4
       2
       3
       3
       3
       3
       4
       2
       3
       3
       2
       2
       4
       2
       5
       3
       3
       5
       4
       2
       1
       0
       5
       1
       3
       3
       3
       1
       3
       4
       0
       2
       4
       2
       2
       4
       3
       5
       1
       3
       1
       2
       5
       2
       2
       0
       0
       0
       0
       0
       0
       0
       0
       0
       0
       0
       0
       0
       0
       0
       0
$ROI:
2
610 616
685 699
$PRESETS:
Live Time
60
0
$ENER_FIT:
0.000000 0.000000
$MCA_CAL:
3
0.000000E+000 0.000000E+000 0.000000E+000 
$SHAPE_CAL:
3
0.000000E+000 0.000000E+000 0.000000E+000
