$SPEC_ID:
No sample description was entered.
$SPEC_REM:
DET# 1
DETDESC# NECG4YMBZ1 Model 927 SN 11083097 Input 1
AP# Maestro Version 7.01
$DATE_MEA:
04/06/2017 18:06:22
$MEAS_TIM:
60 64
$DATA:
0 1023
       0
       0
       0
       0
       0
       0
       0
       0
       0
       0
     495
     541
     571
     589
     692
     801
    1171
    1927
    2791
    3138
    2648
    1926
    1314
     938
     692
     545
     513
     496
     498
     502
     513
     593
     553
     538
     557
     544
     571
     551
     628
     594
     567
     631
     603
     664
     703
     726
     715
     787
     742
     729
     690
     640
     672
     631
     661
     687
     674
     678
     669
     685
     630
     653
     682
     696
     666
     722
     665
     672
     709
     689
     732
     727
     711
     678
     718
     729
     708
     671
     681
     685
     713
     656
     697
     726
     671
     763
     681
     665
     713
     705
     682
     700
     700
     703
     730
     713
     690
     686
     699
     686
     735
     727
     695
     751
     725
     761
     760
     789
     693
     772
     723
     698
     751
     656
     671
     654
     672
     650
     600
     624
     598
     592
     608
     588
     570
     580
     592
     597
     571
     580
     531
     560
     581
     525
     540
     607
     544
     585
     550
     530
     524
     529
     555
     563
     559
     541
     559
     537
     544
     581
     554
     535
     533
     519
     534
     531
     550
     614
     525
     560
     561
     519
     527
     558
     532
     553
     541
     560
     557
     508
     533
     487
     506
     479
     504
     516
     476
     503
     509
     435
     478
     511
     467
     538
     491
     514
     537
     502
     545
     515
     476
     525
     514
     534
     549
     507
     506
     505
     496
     506
     460
     506
     447
     488
     489
     485
     484
     465
     456
     473
     468
     433
     405
     467
     406
     438
     465
     476
     473
     447
     424
     444
     478
     459
     463
     487
     430
     453
     448
     480
     469
     438
     464
     404
     433
     430
     374
     407
     417
     396
     405
     395
     384
     341
     360
     402
     313
     334
     285
     286
     287
     278
     250
     238
     248
     243
     229
     224
     226
     208
     195
     201
     189
     174
     187
     174
     196
     138
     152
     144
     170
     168
     126
     132
     123
     131
     151
     156
     142
     126
     118
     124
     125
     116
     115
     104
     123
     114
     117
     112
     117
     146
     134
     120
     124
     127
     129
     131
     115
     135
     159
     155
     143
     160
     154
     180
     172
     198
     209
     232
     214
     243
     225
     262
     276
     289
     271
     316
     294
     322
     354
     386
     380
     401
     427
     485
     535
     543
     610
     661
     699
     715
     827
     915
    1010
    1045
    1218
    1280
    1464
    1503
    1652
    1918
    2009
    2116
    2247
    2434
    2651
    2710
    2779
    2889
    3052
    2995
    3149
    3125
    3110
    3086
    3009
    2912
    2742
    2653
    2602
    2267
    2275
    2050
    1891
    1696
    1574
    1305
    1202
    1067
     927
     834
     675
     577
     542
     420
     366
     315
     286
     213
     194
     173
     122
     106
      99
      75
      71
      73
      64
      63
      57
      34
      45
      39
      41
      45
      27
      43
      42
      29
      34
      28
      34
      27
      43
      29
      36
      26
      36
      44
      35
      29
      34
      36
      36
      45
      37
      28
      29
      35
      28
      34
      37
      33
      33
      28
      40
      26
      36
      21
      36
      35
      30
      30
      26
      34
      46
      31
      31
      44
      25
      37
      29
      35
      32
      34
      29
      39
      35
      30
      23
      25
      19
      35
      45
      28
      31
      26
      29
      23
      26
      26
      35
      26
      28
      24
      24
      27
      27
      28
      22
      26
      25
      24
      25
      38
      18
      21
      20
      27
      39
      31
      20
      38
      27
      22
      24
      24
      28
      22
      40
      26
      22
      34
      17
      17
      21
      18
      34
      26
      18
      24
      16
      30
      15
      22
      31
      29
      22
      22
      23
      26
      27
      29
      10
      19
      18
      26
      23
      17
      17
      19
      22
      26
      24
      19
      13
      23
      20
      18
      12
      17
      12
      16
      26
      12
      27
      17
      17
      23
      13
      14
      23
      21
      21
      19
      21
      20
      13
      19
      19
      17
      18
      22
      23
      25
      22
      20
      17
      20
      27
      16
      26
      15
      17
      10
      12
      17
      14
      21
      16
      32
      23
      17
      15
       7
      18
      21
      20
      16
      26
      17
      14
      15
      15
      18
      19
      14
      16
      18
      13
      20
       8
      18
      22
      19
      14
      16
      16
      19
      20
      21
      10
      17
      11
      13
      14
      19
      21
      17
      14
      23
      21
      12
      11
      18
      16
      18
      13
       7
      14
      10
       9
      11
      13
      14
      14
       9
       4
      27
      18
      16
      13
      11
      10
      14
      13
      14
      14
      14
      11
      15
      17
      14
      12
      13
       9
      14
      15
      13
      17
      11
       7
      12
      19
      12
      10
      22
      15
      15
      22
      14
      18
      11
      17
      16
      20
      14
      14
      13
      18
      14
       7
      12
      10
      18
      10
      16
      20
      21
      12
      13
       9
      11
       8
      13
      20
      14
      20
      18
       7
      17
      16
       9
      14
      11
      19
      13
       8
      18
       9
      13
      14
      14
      19
      10
      13
      15
      20
      16
      14
       9
      10
       8
      17
      10
       8
      14
       6
      16
       8
       9
       7
       6
      11
      12
       8
       6
      12
       8
      16
      15
       5
       9
      13
       9
       7
      11
      14
      12
       7
       7
      11
      14
      12
      10
       8
       6
      10
      11
      15
      13
      12
       9
      10
       9
       9
       7
      13
      14
       7
       9
       9
       7
       9
      10
       8
       7
      13
      10
      13
      11
       4
      20
       9
       8
      13
       8
       7
       5
       6
       9
       8
      11
       8
      11
      13
       5
       6
      14
       9
       5
       7
       5
       8
       5
       6
       1
       4
       5
       9
       4
       8
       6
       3
       5
       4
       6
       6
       4
       2
       6
       3
       7
       5
       5
       4
       6
       5
       8
       6
       2
       8
       3
       9
       5
       6
      12
       1
       4
       4
       7
       0
       2
       7
       9
       4
       5
       4
       5
       6
       9
       6
       5
       4
       9
       6
       1
       3
       3
       4
       5
       2
       5
       5
       4
       3
       2
       6
       3
       6
       3
       3
       5
       6
       3
       7
       6
       4
       4
       4
       5
       5
       4
      10
       6
       7
       4
       2
       1
       1
       1
       3
       9
       7
       6
       2
       4
       5
       6
       4
       5
       6
       2
       3
       3
       3
       3
       4
       5
       8
       2
       6
       4
       6
       7
       3
       7
       3
       7
       2
       4
       6
       3
       4
       4
       6
       6
       6
      11
       7
       6
       4
       3
       8
       4
       2
       4
       8
       3
       6
       3
       5
       2
       2
       6
       4
       2
       3
       4
       0
       6
       5
       0
       3
       2
       1
       5
       3
       3
       7
       3
       6
       4
       5
       8
       2
       7
       5
       2
       6
       4
       3
       6
       2
       5
       2
       7
       4
       2
       4
       1
       2
       6
       7
       3
       1
       5
       0
       5
       3
       3
       2
       2
       2
       4
       2
       1
       2
       2
       4
       6
       1
       3
       3
       5
       2
       7
       1
       4
       3
       6
       3
       7
       4
       2
       1
       2
       0
       0
       0
       0
       0
       0
       0
       0
       0
       0
       0
       0
       0
       0
       0
       0
$ROI:
2
610 616
685 699
$PRESETS:
Live Time
60
0
$ENER_FIT:
0.000000 0.000000
$MCA_CAL:
3
0.000000E+000 0.000000E+000 0.000000E+000 
$SHAPE_CAL:
3
0.000000E+000 0.000000E+000 0.000000E+000
