% Problem 1.35
diary off
A = zeros(8,8)

A =

     0     0     0     0     0     0     0     0
     0     0     0     0     0     0     0     0
     0     0     0     0     0     0     0     0
     0     0     0     0     0     0     0     0
     0     0     0     0     0     0     0     0
     0     0     0     0     0     0     0     0
     0     0     0     0     0     0     0     0
     0     0     0     0     0     0     0     0

B = zeros(8,8)

B =

     0     0     0     0     0     0     0     0
     0     0     0     0     0     0     0     0
     0     0     0     0     0     0     0     0
     0     0     0     0     0     0     0     0
     0     0     0     0     0     0     0     0
     0     0     0     0     0     0     0     0
     0     0     0     0     0     0     0     0
     0     0     0     0     0     0     0     0

for i=1:8
for j=1:8
A(i,j) = 2*0.9^abs(i-j)
B(i,j) = 3*0.8^abs(i-j)
end
end

A =

     2     0     0     0     0     0     0     0
     0     0     0     0     0     0     0     0
     0     0     0     0     0     0     0     0
     0     0     0     0     0     0     0     0
     0     0     0     0     0     0     0     0
     0     0     0     0     0     0     0     0
     0     0     0     0     0     0     0     0
     0     0     0     0     0     0     0     0


B =

     3     0     0     0     0     0     0     0
     0     0     0     0     0     0     0     0
     0     0     0     0     0     0     0     0
     0     0     0     0     0     0     0     0
     0     0     0     0     0     0     0     0
     0     0     0     0     0     0     0     0
     0     0     0     0     0     0     0     0
     0     0     0     0     0     0     0     0


A =

    2.0000    1.8000         0         0         0         0         0         0
         0         0         0         0         0         0         0         0
         0         0         0         0         0         0         0         0
         0         0         0         0         0         0         0         0
         0         0         0         0         0         0         0         0
         0         0         0         0         0         0         0         0
         0         0         0         0         0         0         0         0
         0         0         0         0         0         0         0         0


B =

    3.0000    2.4000         0         0         0         0         0         0
         0         0         0         0         0         0         0         0
         0         0         0         0         0         0         0         0
         0         0         0         0         0         0         0         0
         0         0         0         0         0         0         0         0
         0         0         0         0         0         0         0         0
         0         0         0         0         0         0         0         0
         0         0         0         0         0         0         0         0


A =

    2.0000    1.8000    1.6200         0         0         0         0         0
         0         0         0         0         0         0         0         0
         0         0         0         0         0         0         0         0
         0         0         0         0         0         0         0         0
         0         0         0         0         0         0         0         0
         0         0         0         0         0         0         0         0
         0         0         0         0         0         0         0         0
         0         0         0         0         0         0         0         0


B =

    3.0000    2.4000    1.9200         0         0         0         0         0
         0         0         0         0         0         0         0         0
         0         0         0         0         0         0         0         0
         0         0         0         0         0         0         0         0
         0         0         0         0         0         0         0         0
         0         0         0         0         0         0         0         0
         0         0         0         0         0         0         0         0
         0         0         0         0         0         0         0         0


A =

    2.0000    1.8000    1.6200    1.4580         0         0         0         0
         0         0         0         0         0         0         0         0
         0         0         0         0         0         0         0         0
         0         0         0         0         0         0         0         0
         0         0         0         0         0         0         0         0
         0         0         0         0         0         0         0         0
         0         0         0         0         0         0         0         0
         0         0         0         0         0         0         0         0


B =

    3.0000    2.4000    1.9200    1.5360         0         0         0         0
         0         0         0         0         0         0         0         0
         0         0         0         0         0         0         0         0
         0         0         0         0         0         0         0         0
         0         0         0         0         0         0         0         0
         0         0         0         0         0         0         0         0
         0         0         0         0         0         0         0         0
         0         0         0         0         0         0         0         0


A =

    2.0000    1.8000    1.6200    1.4580    1.3122         0         0         0
         0         0         0         0         0         0         0         0
         0         0         0         0         0         0         0         0
         0         0         0         0         0         0         0         0
         0         0         0         0         0         0         0         0
         0         0         0         0         0         0         0         0
         0         0         0         0         0         0         0         0
         0         0         0         0         0         0         0         0


B =

    3.0000    2.4000    1.9200    1.5360    1.2288         0         0         0
         0         0         0         0         0         0         0         0
         0         0         0         0         0         0         0         0
         0         0         0         0         0         0         0         0
         0         0         0         0         0         0         0         0
         0         0         0         0         0         0         0         0
         0         0         0         0         0         0         0         0
         0         0         0         0         0         0         0         0


A =

    2.0000    1.8000    1.6200    1.4580    1.3122    1.1810         0         0
         0         0         0         0         0         0         0         0
         0         0         0         0         0         0         0         0
         0         0         0         0         0         0         0         0
         0         0         0         0         0         0         0         0
         0         0         0         0         0         0         0         0
         0         0         0         0         0         0         0         0
         0         0         0         0         0         0         0         0


B =

    3.0000    2.4000    1.9200    1.5360    1.2288    0.9830         0         0
         0         0         0         0         0         0         0         0
         0         0         0         0         0         0         0         0
         0         0         0         0         0         0         0         0
         0         0         0         0         0         0         0         0
         0         0         0         0         0         0         0         0
         0         0         0         0         0         0         0         0
         0         0         0         0         0         0         0         0


A =

    2.0000    1.8000    1.6200    1.4580    1.3122    1.1810    1.0629         0
         0         0         0         0         0         0         0         0
         0         0         0         0         0         0         0         0
         0         0         0         0         0         0         0         0
         0         0         0         0         0         0         0         0
         0         0         0         0         0         0         0         0
         0         0         0         0         0         0         0         0
         0         0         0         0         0         0         0         0


B =

    3.0000    2.4000    1.9200    1.5360    1.2288    0.9830    0.7864         0
         0         0         0         0         0         0         0         0
         0         0         0         0         0         0         0         0
         0         0         0         0         0         0         0         0
         0         0         0         0         0         0         0         0
         0         0         0         0         0         0         0         0
         0         0         0         0         0         0         0         0
         0         0         0         0         0         0         0         0


A =

    2.0000    1.8000    1.6200    1.4580    1.3122    1.1810    1.0629    0.9566
         0         0         0         0         0         0         0         0
         0         0         0         0         0         0         0         0
         0         0         0         0         0         0         0         0
         0         0         0         0         0         0         0         0
         0         0         0         0         0         0         0         0
         0         0         0         0         0         0         0         0
         0         0         0         0         0         0         0         0


B =

    3.0000    2.4000    1.9200    1.5360    1.2288    0.9830    0.7864    0.6291
         0         0         0         0         0         0         0         0
         0         0         0         0         0         0         0         0
         0         0         0         0         0         0         0         0
         0         0         0         0         0         0         0         0
         0         0         0         0         0         0         0         0
         0         0         0         0         0         0         0         0
         0         0         0         0         0         0         0         0


A =

    2.0000    1.8000    1.6200    1.4580    1.3122    1.1810    1.0629    0.9566
    1.8000         0         0         0         0         0         0         0
         0         0         0         0         0         0         0         0
         0         0         0         0         0         0         0         0
         0         0         0         0         0         0         0         0
         0         0         0         0         0         0         0         0
         0         0         0         0         0         0         0         0
         0         0         0         0         0         0         0         0


B =

    3.0000    2.4000    1.9200    1.5360    1.2288    0.9830    0.7864    0.6291
    2.4000         0         0         0         0         0         0         0
         0         0         0         0         0         0         0         0
         0         0         0         0         0         0         0         0
         0         0         0         0         0         0         0         0
         0         0         0         0         0         0         0         0
         0         0         0         0         0         0         0         0
         0         0         0         0         0         0         0         0


A =

    2.0000    1.8000    1.6200    1.4580    1.3122    1.1810    1.0629    0.9566
    1.8000    2.0000         0         0         0         0         0         0
         0         0         0         0         0         0         0         0
         0         0         0         0         0         0         0         0
         0         0         0         0         0         0         0         0
         0         0         0         0         0         0         0         0
         0         0         0         0         0         0         0         0
         0         0         0         0         0         0         0         0


B =

    3.0000    2.4000    1.9200    1.5360    1.2288    0.9830    0.7864    0.6291
    2.4000    3.0000         0         0         0         0         0         0
         0         0         0         0         0         0         0         0
         0         0         0         0         0         0         0         0
         0         0         0         0         0         0         0         0
         0         0         0         0         0         0         0         0
         0         0         0         0         0         0         0         0
         0         0         0         0         0         0         0         0


A =

    2.0000    1.8000    1.6200    1.4580    1.3122    1.1810    1.0629    0.9566
    1.8000    2.0000    1.8000         0         0         0         0         0
         0         0         0         0         0         0         0         0
         0         0         0         0         0         0         0         0
         0         0         0         0         0         0         0         0
         0         0         0         0         0         0         0         0
         0         0         0         0         0         0         0         0
         0         0         0         0         0         0         0         0


B =

    3.0000    2.4000    1.9200    1.5360    1.2288    0.9830    0.7864    0.6291
    2.4000    3.0000    2.4000         0         0         0         0         0
         0         0         0         0         0         0         0         0
         0         0         0         0         0         0         0         0
         0         0         0         0         0         0         0         0
         0         0         0         0         0         0         0         0
         0         0         0         0         0         0         0         0
         0         0         0         0         0         0         0         0


A =

    2.0000    1.8000    1.6200    1.4580    1.3122    1.1810    1.0629    0.9566
    1.8000    2.0000    1.8000    1.6200         0         0         0         0
         0         0         0         0         0         0         0         0
         0         0         0         0         0         0         0         0
         0         0         0         0         0         0         0         0
         0         0         0         0         0         0         0         0
         0         0         0         0         0         0         0         0
         0         0         0         0         0         0         0         0


B =

    3.0000    2.4000    1.9200    1.5360    1.2288    0.9830    0.7864    0.6291
    2.4000    3.0000    2.4000    1.9200         0         0         0         0
         0         0         0         0         0         0         0         0
         0         0         0         0         0         0         0         0
         0         0         0         0         0         0         0         0
         0         0         0         0         0         0         0         0
         0         0         0         0         0         0         0         0
         0         0         0         0         0         0         0         0


A =

    2.0000    1.8000    1.6200    1.4580    1.3122    1.1810    1.0629    0.9566
    1.8000    2.0000    1.8000    1.6200    1.4580         0         0         0
         0         0         0         0         0         0         0         0
         0         0         0         0         0         0         0         0
         0         0         0         0         0         0         0         0
         0         0         0         0         0         0         0         0
         0         0         0         0         0         0         0         0
         0         0         0         0         0         0         0         0


B =

    3.0000    2.4000    1.9200    1.5360    1.2288    0.9830    0.7864    0.6291
    2.4000    3.0000    2.4000    1.9200    1.5360         0         0         0
         0         0         0         0         0         0         0         0
         0         0         0         0         0         0         0         0
         0         0         0         0         0         0         0         0
         0         0         0         0         0         0         0         0
         0         0         0         0         0         0         0         0
         0         0         0         0         0         0         0         0


A =

    2.0000    1.8000    1.6200    1.4580    1.3122    1.1810    1.0629    0.9566
    1.8000    2.0000    1.8000    1.6200    1.4580    1.3122         0         0
         0         0         0         0         0         0         0         0
         0         0         0         0         0         0         0         0
         0         0         0         0         0         0         0         0
         0         0         0         0         0         0         0         0
         0         0         0         0         0         0         0         0
         0         0         0         0         0         0         0         0


B =

    3.0000    2.4000    1.9200    1.5360    1.2288    0.9830    0.7864    0.6291
    2.4000    3.0000    2.4000    1.9200    1.5360    1.2288         0         0
         0         0         0         0         0         0         0         0
         0         0         0         0         0         0         0         0
         0         0         0         0         0         0         0         0
         0         0         0         0         0         0         0         0
         0         0         0         0         0         0         0         0
         0         0         0         0         0         0         0         0


A =

    2.0000    1.8000    1.6200    1.4580    1.3122    1.1810    1.0629    0.9566
    1.8000    2.0000    1.8000    1.6200    1.4580    1.3122    1.1810         0
         0         0         0         0         0         0         0         0
         0         0         0         0         0         0         0         0
         0         0         0         0         0         0         0         0
         0         0         0         0         0         0         0         0
         0         0         0         0         0         0         0         0
         0         0         0         0         0         0         0         0


B =

    3.0000    2.4000    1.9200    1.5360    1.2288    0.9830    0.7864    0.6291
    2.4000    3.0000    2.4000    1.9200    1.5360    1.2288    0.9830         0
         0         0         0         0         0         0         0         0
         0         0         0         0         0         0         0         0
         0         0         0         0         0         0         0         0
         0         0         0         0         0         0         0         0
         0         0         0         0         0         0         0         0
         0         0         0         0         0         0         0         0


A =

    2.0000    1.8000    1.6200    1.4580    1.3122    1.1810    1.0629    0.9566
    1.8000    2.0000    1.8000    1.6200    1.4580    1.3122    1.1810    1.0629
         0         0         0         0         0         0         0         0
         0         0         0         0         0         0         0         0
         0         0         0         0         0         0         0         0
         0         0         0         0         0         0         0         0
         0         0         0         0         0         0         0         0
         0         0         0         0         0         0         0         0


B =

    3.0000    2.4000    1.9200    1.5360    1.2288    0.9830    0.7864    0.6291
    2.4000    3.0000    2.4000    1.9200    1.5360    1.2288    0.9830    0.7864
         0         0         0         0         0         0         0         0
         0         0         0         0         0         0         0         0
         0         0         0         0         0         0         0         0
         0         0         0         0         0         0         0         0
         0         0         0         0         0         0         0         0
         0         0         0         0         0         0         0         0


A =

    2.0000    1.8000    1.6200    1.4580    1.3122    1.1810    1.0629    0.9566
    1.8000    2.0000    1.8000    1.6200    1.4580    1.3122    1.1810    1.0629
    1.6200         0         0         0         0         0         0         0
         0         0         0         0         0         0         0         0
         0         0         0         0         0         0         0         0
         0         0         0         0         0         0         0         0
         0         0         0         0         0         0         0         0
         0         0         0         0         0         0         0         0


B =

    3.0000    2.4000    1.9200    1.5360    1.2288    0.9830    0.7864    0.6291
    2.4000    3.0000    2.4000    1.9200    1.5360    1.2288    0.9830    0.7864
    1.9200         0         0         0         0         0         0         0
         0         0         0         0         0         0         0         0
         0         0         0         0         0         0         0         0
         0         0         0         0         0         0         0         0
         0         0         0         0         0         0         0         0
         0         0         0         0         0         0         0         0


A =

    2.0000    1.8000    1.6200    1.4580    1.3122    1.1810    1.0629    0.9566
    1.8000    2.0000    1.8000    1.6200    1.4580    1.3122    1.1810    1.0629
    1.6200    1.8000         0         0         0         0         0         0
         0         0         0         0         0         0         0         0
         0         0         0         0         0         0         0         0
         0         0         0         0         0         0         0         0
         0         0         0         0         0         0         0         0
         0         0         0         0         0         0         0         0


B =

    3.0000    2.4000    1.9200    1.5360    1.2288    0.9830    0.7864    0.6291
    2.4000    3.0000    2.4000    1.9200    1.5360    1.2288    0.9830    0.7864
    1.9200    2.4000         0         0         0         0         0         0
         0         0         0         0         0         0         0         0
         0         0         0         0         0         0         0         0
         0         0         0         0         0         0         0         0
         0         0         0         0         0         0         0         0
         0         0         0         0         0         0         0         0


A =

    2.0000    1.8000    1.6200    1.4580    1.3122    1.1810    1.0629    0.9566
    1.8000    2.0000    1.8000    1.6200    1.4580    1.3122    1.1810    1.0629
    1.6200    1.8000    2.0000         0         0         0         0         0
         0         0         0         0         0         0         0         0
         0         0         0         0         0         0         0         0
         0         0         0         0         0         0         0         0
         0         0         0         0         0         0         0         0
         0         0         0         0         0         0         0         0


B =

    3.0000    2.4000    1.9200    1.5360    1.2288    0.9830    0.7864    0.6291
    2.4000    3.0000    2.4000    1.9200    1.5360    1.2288    0.9830    0.7864
    1.9200    2.4000    3.0000         0         0         0         0         0
         0         0         0         0         0         0         0         0
         0         0         0         0         0         0         0         0
         0         0         0         0         0         0         0         0
         0         0         0         0         0         0         0         0
         0         0         0         0         0         0         0         0


A =

    2.0000    1.8000    1.6200    1.4580    1.3122    1.1810    1.0629    0.9566
    1.8000    2.0000    1.8000    1.6200    1.4580    1.3122    1.1810    1.0629
    1.6200    1.8000    2.0000    1.8000         0         0         0         0
         0         0         0         0         0         0         0         0
         0         0         0         0         0         0         0         0
         0         0         0         0         0         0         0         0
         0         0         0         0         0         0         0         0
         0         0         0         0         0         0         0         0


B =

    3.0000    2.4000    1.9200    1.5360    1.2288    0.9830    0.7864    0.6291
    2.4000    3.0000    2.4000    1.9200    1.5360    1.2288    0.9830    0.7864
    1.9200    2.4000    3.0000    2.4000         0         0         0         0
         0         0         0         0         0         0         0         0
         0         0         0         0         0         0         0         0
         0         0         0         0         0         0         0         0
         0         0         0         0         0         0         0         0
         0         0         0         0         0         0         0         0


A =

    2.0000    1.8000    1.6200    1.4580    1.3122    1.1810    1.0629    0.9566
    1.8000    2.0000    1.8000    1.6200    1.4580    1.3122    1.1810    1.0629
    1.6200    1.8000    2.0000    1.8000    1.6200         0         0         0
         0         0         0         0         0         0         0         0
         0         0         0         0         0         0         0         0
         0         0         0         0         0         0         0         0
         0         0         0         0         0         0         0         0
         0         0         0         0         0         0         0         0


B =

    3.0000    2.4000    1.9200    1.5360    1.2288    0.9830    0.7864    0.6291
    2.4000    3.0000    2.4000    1.9200    1.5360    1.2288    0.9830    0.7864
    1.9200    2.4000    3.0000    2.4000    1.9200         0         0         0
         0         0         0         0         0         0         0         0
         0         0         0         0         0         0         0         0
         0         0         0         0         0         0         0         0
         0         0         0         0         0         0         0         0
         0         0         0         0         0         0         0         0


A =

    2.0000    1.8000    1.6200    1.4580    1.3122    1.1810    1.0629    0.9566
    1.8000    2.0000    1.8000    1.6200    1.4580    1.3122    1.1810    1.0629
    1.6200    1.8000    2.0000    1.8000    1.6200    1.4580         0         0
         0         0         0         0         0         0         0         0
         0         0         0         0         0         0         0         0
         0         0         0         0         0         0         0         0
         0         0         0         0         0         0         0         0
         0         0         0         0         0         0         0         0


B =

    3.0000    2.4000    1.9200    1.5360    1.2288    0.9830    0.7864    0.6291
    2.4000    3.0000    2.4000    1.9200    1.5360    1.2288    0.9830    0.7864
    1.9200    2.4000    3.0000    2.4000    1.9200    1.5360         0         0
         0         0         0         0         0         0         0         0
         0         0         0         0         0         0         0         0
         0         0         0         0         0         0         0         0
         0         0         0         0         0         0         0         0
         0         0         0         0         0         0         0         0


A =

    2.0000    1.8000    1.6200    1.4580    1.3122    1.1810    1.0629    0.9566
    1.8000    2.0000    1.8000    1.6200    1.4580    1.3122    1.1810    1.0629
    1.6200    1.8000    2.0000    1.8000    1.6200    1.4580    1.3122         0
         0         0         0         0         0         0         0         0
         0         0         0         0         0         0         0         0
         0         0         0         0         0         0         0         0
         0         0         0         0         0         0         0         0
         0         0         0         0         0         0         0         0


B =

    3.0000    2.4000    1.9200    1.5360    1.2288    0.9830    0.7864    0.6291
    2.4000    3.0000    2.4000    1.9200    1.5360    1.2288    0.9830    0.7864
    1.9200    2.4000    3.0000    2.4000    1.9200    1.5360    1.2288         0
         0         0         0         0         0         0         0         0
         0         0         0         0         0         0         0         0
         0         0         0         0         0         0         0         0
         0         0         0         0         0         0         0         0
         0         0         0         0         0         0         0         0


A =

    2.0000    1.8000    1.6200    1.4580    1.3122    1.1810    1.0629    0.9566
    1.8000    2.0000    1.8000    1.6200    1.4580    1.3122    1.1810    1.0629
    1.6200    1.8000    2.0000    1.8000    1.6200    1.4580    1.3122    1.1810
         0         0         0         0         0         0         0         0
         0         0         0         0         0         0         0         0
         0         0         0         0         0         0         0         0
         0         0         0         0         0         0         0         0
         0         0         0         0         0         0         0         0


B =

    3.0000    2.4000    1.9200    1.5360    1.2288    0.9830    0.7864    0.6291
    2.4000    3.0000    2.4000    1.9200    1.5360    1.2288    0.9830    0.7864
    1.9200    2.4000    3.0000    2.4000    1.9200    1.5360    1.2288    0.9830
         0         0         0         0         0         0         0         0
         0         0         0         0         0         0         0         0
         0         0         0         0         0         0         0         0
         0         0         0         0         0         0         0         0
         0         0         0         0         0         0         0         0


A =

    2.0000    1.8000    1.6200    1.4580    1.3122    1.1810    1.0629    0.9566
    1.8000    2.0000    1.8000    1.6200    1.4580    1.3122    1.1810    1.0629
    1.6200    1.8000    2.0000    1.8000    1.6200    1.4580    1.3122    1.1810
    1.4580         0         0         0         0         0         0         0
         0         0         0         0         0         0         0         0
         0         0         0         0         0         0         0         0
         0         0         0         0         0         0         0         0
         0         0         0         0         0         0         0         0


B =

    3.0000    2.4000    1.9200    1.5360    1.2288    0.9830    0.7864    0.6291
    2.4000    3.0000    2.4000    1.9200    1.5360    1.2288    0.9830    0.7864
    1.9200    2.4000    3.0000    2.4000    1.9200    1.5360    1.2288    0.9830
    1.5360         0         0         0         0         0         0         0
         0         0         0         0         0         0         0         0
         0         0         0         0         0         0         0         0
         0         0         0         0         0         0         0         0
         0         0         0         0         0         0         0         0


A =

    2.0000    1.8000    1.6200    1.4580    1.3122    1.1810    1.0629    0.9566
    1.8000    2.0000    1.8000    1.6200    1.4580    1.3122    1.1810    1.0629
    1.6200    1.8000    2.0000    1.8000    1.6200    1.4580    1.3122    1.1810
    1.4580    1.6200         0         0         0         0         0         0
         0         0         0         0         0         0         0         0
         0         0         0         0         0         0         0         0
         0         0         0         0         0         0         0         0
         0         0         0         0         0         0         0         0


B =

    3.0000    2.4000    1.9200    1.5360    1.2288    0.9830    0.7864    0.6291
    2.4000    3.0000    2.4000    1.9200    1.5360    1.2288    0.9830    0.7864
    1.9200    2.4000    3.0000    2.4000    1.9200    1.5360    1.2288    0.9830
    1.5360    1.9200         0         0         0         0         0         0
         0         0         0         0         0         0         0         0
         0         0         0         0         0         0         0         0
         0         0         0         0         0         0         0         0
         0         0         0         0         0         0         0         0


A =

    2.0000    1.8000    1.6200    1.4580    1.3122    1.1810    1.0629    0.9566
    1.8000    2.0000    1.8000    1.6200    1.4580    1.3122    1.1810    1.0629
    1.6200    1.8000    2.0000    1.8000    1.6200    1.4580    1.3122    1.1810
    1.4580    1.6200    1.8000         0         0         0         0         0
         0         0         0         0         0         0         0         0
         0         0         0         0         0         0         0         0
         0         0         0         0         0         0         0         0
         0         0         0         0         0         0         0         0


B =

    3.0000    2.4000    1.9200    1.5360    1.2288    0.9830    0.7864    0.6291
    2.4000    3.0000    2.4000    1.9200    1.5360    1.2288    0.9830    0.7864
    1.9200    2.4000    3.0000    2.4000    1.9200    1.5360    1.2288    0.9830
    1.5360    1.9200    2.4000         0         0         0         0         0
         0         0         0         0         0         0         0         0
         0         0         0         0         0         0         0         0
         0         0         0         0         0         0         0         0
         0         0         0         0         0         0         0         0


A =

    2.0000    1.8000    1.6200    1.4580    1.3122    1.1810    1.0629    0.9566
    1.8000    2.0000    1.8000    1.6200    1.4580    1.3122    1.1810    1.0629
    1.6200    1.8000    2.0000    1.8000    1.6200    1.4580    1.3122    1.1810
    1.4580    1.6200    1.8000    2.0000         0         0         0         0
         0         0         0         0         0         0         0         0
         0         0         0         0         0         0         0         0
         0         0         0         0         0         0         0         0
         0         0         0         0         0         0         0         0


B =

    3.0000    2.4000    1.9200    1.5360    1.2288    0.9830    0.7864    0.6291
    2.4000    3.0000    2.4000    1.9200    1.5360    1.2288    0.9830    0.7864
    1.9200    2.4000    3.0000    2.4000    1.9200    1.5360    1.2288    0.9830
    1.5360    1.9200    2.4000    3.0000         0         0         0         0
         0         0         0         0         0         0         0         0
         0         0         0         0         0         0         0         0
         0         0         0         0         0         0         0         0
         0         0         0         0         0         0         0         0


A =

    2.0000    1.8000    1.6200    1.4580    1.3122    1.1810    1.0629    0.9566
    1.8000    2.0000    1.8000    1.6200    1.4580    1.3122    1.1810    1.0629
    1.6200    1.8000    2.0000    1.8000    1.6200    1.4580    1.3122    1.1810
    1.4580    1.6200    1.8000    2.0000    1.8000         0         0         0
         0         0         0         0         0         0         0         0
         0         0         0         0         0         0         0         0
         0         0         0         0         0         0         0         0
         0         0         0         0         0         0         0         0


B =

    3.0000    2.4000    1.9200    1.5360    1.2288    0.9830    0.7864    0.6291
    2.4000    3.0000    2.4000    1.9200    1.5360    1.2288    0.9830    0.7864
    1.9200    2.4000    3.0000    2.4000    1.9200    1.5360    1.2288    0.9830
    1.5360    1.9200    2.4000    3.0000    2.4000         0         0         0
         0         0         0         0         0         0         0         0
         0         0         0         0         0         0         0         0
         0         0         0         0         0         0         0         0
         0         0         0         0         0         0         0         0


A =

    2.0000    1.8000    1.6200    1.4580    1.3122    1.1810    1.0629    0.9566
    1.8000    2.0000    1.8000    1.6200    1.4580    1.3122    1.1810    1.0629
    1.6200    1.8000    2.0000    1.8000    1.6200    1.4580    1.3122    1.1810
    1.4580    1.6200    1.8000    2.0000    1.8000    1.6200         0         0
         0         0         0         0         0         0         0         0
         0         0         0         0         0         0         0         0
         0         0         0         0         0         0         0         0
         0         0         0         0         0         0         0         0


B =

    3.0000    2.4000    1.9200    1.5360    1.2288    0.9830    0.7864    0.6291
    2.4000    3.0000    2.4000    1.9200    1.5360    1.2288    0.9830    0.7864
    1.9200    2.4000    3.0000    2.4000    1.9200    1.5360    1.2288    0.9830
    1.5360    1.9200    2.4000    3.0000    2.4000    1.9200         0         0
         0         0         0         0         0         0         0         0
         0         0         0         0         0         0         0         0
         0         0         0         0         0         0         0         0
         0         0         0         0         0         0         0         0


A =

    2.0000    1.8000    1.6200    1.4580    1.3122    1.1810    1.0629    0.9566
    1.8000    2.0000    1.8000    1.6200    1.4580    1.3122    1.1810    1.0629
    1.6200    1.8000    2.0000    1.8000    1.6200    1.4580    1.3122    1.1810
    1.4580    1.6200    1.8000    2.0000    1.8000    1.6200    1.4580         0
         0         0         0         0         0         0         0         0
         0         0         0         0         0         0         0         0
         0         0         0         0         0         0         0         0
         0         0         0         0         0         0         0         0


B =

    3.0000    2.4000    1.9200    1.5360    1.2288    0.9830    0.7864    0.6291
    2.4000    3.0000    2.4000    1.9200    1.5360    1.2288    0.9830    0.7864
    1.9200    2.4000    3.0000    2.4000    1.9200    1.5360    1.2288    0.9830
    1.5360    1.9200    2.4000    3.0000    2.4000    1.9200    1.5360         0
         0         0         0         0         0         0         0         0
         0         0         0         0         0         0         0         0
         0         0         0         0         0         0         0         0
         0         0         0         0         0         0         0         0


A =

    2.0000    1.8000    1.6200    1.4580    1.3122    1.1810    1.0629    0.9566
    1.8000    2.0000    1.8000    1.6200    1.4580    1.3122    1.1810    1.0629
    1.6200    1.8000    2.0000    1.8000    1.6200    1.4580    1.3122    1.1810
    1.4580    1.6200    1.8000    2.0000    1.8000    1.6200    1.4580    1.3122
         0         0         0         0         0         0         0         0
         0         0         0         0         0         0         0         0
         0         0         0         0         0         0         0         0
         0         0         0         0         0         0         0         0


B =

    3.0000    2.4000    1.9200    1.5360    1.2288    0.9830    0.7864    0.6291
    2.4000    3.0000    2.4000    1.9200    1.5360    1.2288    0.9830    0.7864
    1.9200    2.4000    3.0000    2.4000    1.9200    1.5360    1.2288    0.9830
    1.5360    1.9200    2.4000    3.0000    2.4000    1.9200    1.5360    1.2288
         0         0         0         0         0         0         0         0
         0         0         0         0         0         0         0         0
         0         0         0         0         0         0         0         0
         0         0         0         0         0         0         0         0


A =

    2.0000    1.8000    1.6200    1.4580    1.3122    1.1810    1.0629    0.9566
    1.8000    2.0000    1.8000    1.6200    1.4580    1.3122    1.1810    1.0629
    1.6200    1.8000    2.0000    1.8000    1.6200    1.4580    1.3122    1.1810
    1.4580    1.6200    1.8000    2.0000    1.8000    1.6200    1.4580    1.3122
    1.3122         0         0         0         0         0         0         0
         0         0         0         0         0         0         0         0
         0         0         0         0         0         0         0         0
         0         0         0         0         0         0         0         0


B =

    3.0000    2.4000    1.9200    1.5360    1.2288    0.9830    0.7864    0.6291
    2.4000    3.0000    2.4000    1.9200    1.5360    1.2288    0.9830    0.7864
    1.9200    2.4000    3.0000    2.4000    1.9200    1.5360    1.2288    0.9830
    1.5360    1.9200    2.4000    3.0000    2.4000    1.9200    1.5360    1.2288
    1.2288         0         0         0         0         0         0         0
         0         0         0         0         0         0         0         0
         0         0         0         0         0         0         0         0
         0         0         0         0         0         0         0         0


A =

    2.0000    1.8000    1.6200    1.4580    1.3122    1.1810    1.0629    0.9566
    1.8000    2.0000    1.8000    1.6200    1.4580    1.3122    1.1810    1.0629
    1.6200    1.8000    2.0000    1.8000    1.6200    1.4580    1.3122    1.1810
    1.4580    1.6200    1.8000    2.0000    1.8000    1.6200    1.4580    1.3122
    1.3122    1.4580         0         0         0         0         0         0
         0         0         0         0         0         0         0         0
         0         0         0         0         0         0         0         0
         0         0         0         0         0         0         0         0


B =

    3.0000    2.4000    1.9200    1.5360    1.2288    0.9830    0.7864    0.6291
    2.4000    3.0000    2.4000    1.9200    1.5360    1.2288    0.9830    0.7864
    1.9200    2.4000    3.0000    2.4000    1.9200    1.5360    1.2288    0.9830
    1.5360    1.9200    2.4000    3.0000    2.4000    1.9200    1.5360    1.2288
    1.2288    1.5360         0         0         0         0         0         0
         0         0         0         0         0         0         0         0
         0         0         0         0         0         0         0         0
         0         0         0         0         0         0         0         0


A =

    2.0000    1.8000    1.6200    1.4580    1.3122    1.1810    1.0629    0.9566
    1.8000    2.0000    1.8000    1.6200    1.4580    1.3122    1.1810    1.0629
    1.6200    1.8000    2.0000    1.8000    1.6200    1.4580    1.3122    1.1810
    1.4580    1.6200    1.8000    2.0000    1.8000    1.6200    1.4580    1.3122
    1.3122    1.4580    1.6200         0         0         0         0         0
         0         0         0         0         0         0         0         0
         0         0         0         0         0         0         0         0
         0         0         0         0         0         0         0         0


B =

    3.0000    2.4000    1.9200    1.5360    1.2288    0.9830    0.7864    0.6291
    2.4000    3.0000    2.4000    1.9200    1.5360    1.2288    0.9830    0.7864
    1.9200    2.4000    3.0000    2.4000    1.9200    1.5360    1.2288    0.9830
    1.5360    1.9200    2.4000    3.0000    2.4000    1.9200    1.5360    1.2288
    1.2288    1.5360    1.9200         0         0         0         0         0
         0         0         0         0         0         0         0         0
         0         0         0         0         0         0         0         0
         0         0         0         0         0         0         0         0


A =

    2.0000    1.8000    1.6200    1.4580    1.3122    1.1810    1.0629    0.9566
    1.8000    2.0000    1.8000    1.6200    1.4580    1.3122    1.1810    1.0629
    1.6200    1.8000    2.0000    1.8000    1.6200    1.4580    1.3122    1.1810
    1.4580    1.6200    1.8000    2.0000    1.8000    1.6200    1.4580    1.3122
    1.3122    1.4580    1.6200    1.8000         0         0         0         0
         0         0         0         0         0         0         0         0
         0         0         0         0         0         0         0         0
         0         0         0         0         0         0         0         0


B =

    3.0000    2.4000    1.9200    1.5360    1.2288    0.9830    0.7864    0.6291
    2.4000    3.0000    2.4000    1.9200    1.5360    1.2288    0.9830    0.7864
    1.9200    2.4000    3.0000    2.4000    1.9200    1.5360    1.2288    0.9830
    1.5360    1.9200    2.4000    3.0000    2.4000    1.9200    1.5360    1.2288
    1.2288    1.5360    1.9200    2.4000         0         0         0         0
         0         0         0         0         0         0         0         0
         0         0         0         0         0         0         0         0
         0         0         0         0         0         0         0         0


A =

    2.0000    1.8000    1.6200    1.4580    1.3122    1.1810    1.0629    0.9566
    1.8000    2.0000    1.8000    1.6200    1.4580    1.3122    1.1810    1.0629
    1.6200    1.8000    2.0000    1.8000    1.6200    1.4580    1.3122    1.1810
    1.4580    1.6200    1.8000    2.0000    1.8000    1.6200    1.4580    1.3122
    1.3122    1.4580    1.6200    1.8000    2.0000         0         0         0
         0         0         0         0         0         0         0         0
         0         0         0         0         0         0         0         0
         0         0         0         0         0         0         0         0


B =

    3.0000    2.4000    1.9200    1.5360    1.2288    0.9830    0.7864    0.6291
    2.4000    3.0000    2.4000    1.9200    1.5360    1.2288    0.9830    0.7864
    1.9200    2.4000    3.0000    2.4000    1.9200    1.5360    1.2288    0.9830
    1.5360    1.9200    2.4000    3.0000    2.4000    1.9200    1.5360    1.2288
    1.2288    1.5360    1.9200    2.4000    3.0000         0         0         0
         0         0         0         0         0         0         0         0
         0         0         0         0         0         0         0         0
         0         0         0         0         0         0         0         0


A =

    2.0000    1.8000    1.6200    1.4580    1.3122    1.1810    1.0629    0.9566
    1.8000    2.0000    1.8000    1.6200    1.4580    1.3122    1.1810    1.0629
    1.6200    1.8000    2.0000    1.8000    1.6200    1.4580    1.3122    1.1810
    1.4580    1.6200    1.8000    2.0000    1.8000    1.6200    1.4580    1.3122
    1.3122    1.4580    1.6200    1.8000    2.0000    1.8000         0         0
         0         0         0         0         0         0         0         0
         0         0         0         0         0         0         0         0
         0         0         0         0         0         0         0         0


B =

    3.0000    2.4000    1.9200    1.5360    1.2288    0.9830    0.7864    0.6291
    2.4000    3.0000    2.4000    1.9200    1.5360    1.2288    0.9830    0.7864
    1.9200    2.4000    3.0000    2.4000    1.9200    1.5360    1.2288    0.9830
    1.5360    1.9200    2.4000    3.0000    2.4000    1.9200    1.5360    1.2288
    1.2288    1.5360    1.9200    2.4000    3.0000    2.4000         0         0
         0         0         0         0         0         0         0         0
         0         0         0         0         0         0         0         0
         0         0         0         0         0         0         0         0


A =

    2.0000    1.8000    1.6200    1.4580    1.3122    1.1810    1.0629    0.9566
    1.8000    2.0000    1.8000    1.6200    1.4580    1.3122    1.1810    1.0629
    1.6200    1.8000    2.0000    1.8000    1.6200    1.4580    1.3122    1.1810
    1.4580    1.6200    1.8000    2.0000    1.8000    1.6200    1.4580    1.3122
    1.3122    1.4580    1.6200    1.8000    2.0000    1.8000    1.6200         0
         0         0         0         0         0         0         0         0
         0         0         0         0         0         0         0         0
         0         0         0         0         0         0         0         0


B =

    3.0000    2.4000    1.9200    1.5360    1.2288    0.9830    0.7864    0.6291
    2.4000    3.0000    2.4000    1.9200    1.5360    1.2288    0.9830    0.7864
    1.9200    2.4000    3.0000    2.4000    1.9200    1.5360    1.2288    0.9830
    1.5360    1.9200    2.4000    3.0000    2.4000    1.9200    1.5360    1.2288
    1.2288    1.5360    1.9200    2.4000    3.0000    2.4000    1.9200         0
         0         0         0         0         0         0         0         0
         0         0         0         0         0         0         0         0
         0         0         0         0         0         0         0         0


A =

    2.0000    1.8000    1.6200    1.4580    1.3122    1.1810    1.0629    0.9566
    1.8000    2.0000    1.8000    1.6200    1.4580    1.3122    1.1810    1.0629
    1.6200    1.8000    2.0000    1.8000    1.6200    1.4580    1.3122    1.1810
    1.4580    1.6200    1.8000    2.0000    1.8000    1.6200    1.4580    1.3122
    1.3122    1.4580    1.6200    1.8000    2.0000    1.8000    1.6200    1.4580
         0         0         0         0         0         0         0         0
         0         0         0         0         0         0         0         0
         0         0         0         0         0         0         0         0


B =

    3.0000    2.4000    1.9200    1.5360    1.2288    0.9830    0.7864    0.6291
    2.4000    3.0000    2.4000    1.9200    1.5360    1.2288    0.9830    0.7864
    1.9200    2.4000    3.0000    2.4000    1.9200    1.5360    1.2288    0.9830
    1.5360    1.9200    2.4000    3.0000    2.4000    1.9200    1.5360    1.2288
    1.2288    1.5360    1.9200    2.4000    3.0000    2.4000    1.9200    1.5360
         0         0         0         0         0         0         0         0
         0         0         0         0         0         0         0         0
         0         0         0         0         0         0         0         0


A =

    2.0000    1.8000    1.6200    1.4580    1.3122    1.1810    1.0629    0.9566
    1.8000    2.0000    1.8000    1.6200    1.4580    1.3122    1.1810    1.0629
    1.6200    1.8000    2.0000    1.8000    1.6200    1.4580    1.3122    1.1810
    1.4580    1.6200    1.8000    2.0000    1.8000    1.6200    1.4580    1.3122
    1.3122    1.4580    1.6200    1.8000    2.0000    1.8000    1.6200    1.4580
    1.1810         0         0         0         0         0         0         0
         0         0         0         0         0         0         0         0
         0         0         0         0         0         0         0         0


B =

    3.0000    2.4000    1.9200    1.5360    1.2288    0.9830    0.7864    0.6291
    2.4000    3.0000    2.4000    1.9200    1.5360    1.2288    0.9830    0.7864
    1.9200    2.4000    3.0000    2.4000    1.9200    1.5360    1.2288    0.9830
    1.5360    1.9200    2.4000    3.0000    2.4000    1.9200    1.5360    1.2288
    1.2288    1.5360    1.9200    2.4000    3.0000    2.4000    1.9200    1.5360
    0.9830         0         0         0         0         0         0         0
         0         0         0         0         0         0         0         0
         0         0         0         0         0         0         0         0


A =

    2.0000    1.8000    1.6200    1.4580    1.3122    1.1810    1.0629    0.9566
    1.8000    2.0000    1.8000    1.6200    1.4580    1.3122    1.1810    1.0629
    1.6200    1.8000    2.0000    1.8000    1.6200    1.4580    1.3122    1.1810
    1.4580    1.6200    1.8000    2.0000    1.8000    1.6200    1.4580    1.3122
    1.3122    1.4580    1.6200    1.8000    2.0000    1.8000    1.6200    1.4580
    1.1810    1.3122         0         0         0         0         0         0
         0         0         0         0         0         0         0         0
         0         0         0         0         0         0         0         0


B =

    3.0000    2.4000    1.9200    1.5360    1.2288    0.9830    0.7864    0.6291
    2.4000    3.0000    2.4000    1.9200    1.5360    1.2288    0.9830    0.7864
    1.9200    2.4000    3.0000    2.4000    1.9200    1.5360    1.2288    0.9830
    1.5360    1.9200    2.4000    3.0000    2.4000    1.9200    1.5360    1.2288
    1.2288    1.5360    1.9200    2.4000    3.0000    2.4000    1.9200    1.5360
    0.9830    1.2288         0         0         0         0         0         0
         0         0         0         0         0         0         0         0
         0         0         0         0         0         0         0         0


A =

    2.0000    1.8000    1.6200    1.4580    1.3122    1.1810    1.0629    0.9566
    1.8000    2.0000    1.8000    1.6200    1.4580    1.3122    1.1810    1.0629
    1.6200    1.8000    2.0000    1.8000    1.6200    1.4580    1.3122    1.1810
    1.4580    1.6200    1.8000    2.0000    1.8000    1.6200    1.4580    1.3122
    1.3122    1.4580    1.6200    1.8000    2.0000    1.8000    1.6200    1.4580
    1.1810    1.3122    1.4580         0         0         0         0         0
         0         0         0         0         0         0         0         0
         0         0         0         0         0         0         0         0


B =

    3.0000    2.4000    1.9200    1.5360    1.2288    0.9830    0.7864    0.6291
    2.4000    3.0000    2.4000    1.9200    1.5360    1.2288    0.9830    0.7864
    1.9200    2.4000    3.0000    2.4000    1.9200    1.5360    1.2288    0.9830
    1.5360    1.9200    2.4000    3.0000    2.4000    1.9200    1.5360    1.2288
    1.2288    1.5360    1.9200    2.4000    3.0000    2.4000    1.9200    1.5360
    0.9830    1.2288    1.5360         0         0         0         0         0
         0         0         0         0         0         0         0         0
         0         0         0         0         0         0         0         0


A =

    2.0000    1.8000    1.6200    1.4580    1.3122    1.1810    1.0629    0.9566
    1.8000    2.0000    1.8000    1.6200    1.4580    1.3122    1.1810    1.0629
    1.6200    1.8000    2.0000    1.8000    1.6200    1.4580    1.3122    1.1810
    1.4580    1.6200    1.8000    2.0000    1.8000    1.6200    1.4580    1.3122
    1.3122    1.4580    1.6200    1.8000    2.0000    1.8000    1.6200    1.4580
    1.1810    1.3122    1.4580    1.6200         0         0         0         0
         0         0         0         0         0         0         0         0
         0         0         0         0         0         0         0         0


B =

    3.0000    2.4000    1.9200    1.5360    1.2288    0.9830    0.7864    0.6291
    2.4000    3.0000    2.4000    1.9200    1.5360    1.2288    0.9830    0.7864
    1.9200    2.4000    3.0000    2.4000    1.9200    1.5360    1.2288    0.9830
    1.5360    1.9200    2.4000    3.0000    2.4000    1.9200    1.5360    1.2288
    1.2288    1.5360    1.9200    2.4000    3.0000    2.4000    1.9200    1.5360
    0.9830    1.2288    1.5360    1.9200         0         0         0         0
         0         0         0         0         0         0         0         0
         0         0         0         0         0         0         0         0


A =

    2.0000    1.8000    1.6200    1.4580    1.3122    1.1810    1.0629    0.9566
    1.8000    2.0000    1.8000    1.6200    1.4580    1.3122    1.1810    1.0629
    1.6200    1.8000    2.0000    1.8000    1.6200    1.4580    1.3122    1.1810
    1.4580    1.6200    1.8000    2.0000    1.8000    1.6200    1.4580    1.3122
    1.3122    1.4580    1.6200    1.8000    2.0000    1.8000    1.6200    1.4580
    1.1810    1.3122    1.4580    1.6200    1.8000         0         0         0
         0         0         0         0         0         0         0         0
         0         0         0         0         0         0         0         0


B =

    3.0000    2.4000    1.9200    1.5360    1.2288    0.9830    0.7864    0.6291
    2.4000    3.0000    2.4000    1.9200    1.5360    1.2288    0.9830    0.7864
    1.9200    2.4000    3.0000    2.4000    1.9200    1.5360    1.2288    0.9830
    1.5360    1.9200    2.4000    3.0000    2.4000    1.9200    1.5360    1.2288
    1.2288    1.5360    1.9200    2.4000    3.0000    2.4000    1.9200    1.5360
    0.9830    1.2288    1.5360    1.9200    2.4000         0         0         0
         0         0         0         0         0         0         0         0
         0         0         0         0         0         0         0         0


A =

    2.0000    1.8000    1.6200    1.4580    1.3122    1.1810    1.0629    0.9566
    1.8000    2.0000    1.8000    1.6200    1.4580    1.3122    1.1810    1.0629
    1.6200    1.8000    2.0000    1.8000    1.6200    1.4580    1.3122    1.1810
    1.4580    1.6200    1.8000    2.0000    1.8000    1.6200    1.4580    1.3122
    1.3122    1.4580    1.6200    1.8000    2.0000    1.8000    1.6200    1.4580
    1.1810    1.3122    1.4580    1.6200    1.8000    2.0000         0         0
         0         0         0         0         0         0         0         0
         0         0         0         0         0         0         0         0


B =

    3.0000    2.4000    1.9200    1.5360    1.2288    0.9830    0.7864    0.6291
    2.4000    3.0000    2.4000    1.9200    1.5360    1.2288    0.9830    0.7864
    1.9200    2.4000    3.0000    2.4000    1.9200    1.5360    1.2288    0.9830
    1.5360    1.9200    2.4000    3.0000    2.4000    1.9200    1.5360    1.2288
    1.2288    1.5360    1.9200    2.4000    3.0000    2.4000    1.9200    1.5360
    0.9830    1.2288    1.5360    1.9200    2.4000    3.0000         0         0
         0         0         0         0         0         0         0         0
         0         0         0         0         0         0         0         0


A =

    2.0000    1.8000    1.6200    1.4580    1.3122    1.1810    1.0629    0.9566
    1.8000    2.0000    1.8000    1.6200    1.4580    1.3122    1.1810    1.0629
    1.6200    1.8000    2.0000    1.8000    1.6200    1.4580    1.3122    1.1810
    1.4580    1.6200    1.8000    2.0000    1.8000    1.6200    1.4580    1.3122
    1.3122    1.4580    1.6200    1.8000    2.0000    1.8000    1.6200    1.4580
    1.1810    1.3122    1.4580    1.6200    1.8000    2.0000    1.8000         0
         0         0         0         0         0         0         0         0
         0         0         0         0         0         0         0         0


B =

    3.0000    2.4000    1.9200    1.5360    1.2288    0.9830    0.7864    0.6291
    2.4000    3.0000    2.4000    1.9200    1.5360    1.2288    0.9830    0.7864
    1.9200    2.4000    3.0000    2.4000    1.9200    1.5360    1.2288    0.9830
    1.5360    1.9200    2.4000    3.0000    2.4000    1.9200    1.5360    1.2288
    1.2288    1.5360    1.9200    2.4000    3.0000    2.4000    1.9200    1.5360
    0.9830    1.2288    1.5360    1.9200    2.4000    3.0000    2.4000         0
         0         0         0         0         0         0         0         0
         0         0         0         0         0         0         0         0


A =

    2.0000    1.8000    1.6200    1.4580    1.3122    1.1810    1.0629    0.9566
    1.8000    2.0000    1.8000    1.6200    1.4580    1.3122    1.1810    1.0629
    1.6200    1.8000    2.0000    1.8000    1.6200    1.4580    1.3122    1.1810
    1.4580    1.6200    1.8000    2.0000    1.8000    1.6200    1.4580    1.3122
    1.3122    1.4580    1.6200    1.8000    2.0000    1.8000    1.6200    1.4580
    1.1810    1.3122    1.4580    1.6200    1.8000    2.0000    1.8000    1.6200
         0         0         0         0         0         0         0         0
         0         0         0         0         0         0         0         0


B =

    3.0000    2.4000    1.9200    1.5360    1.2288    0.9830    0.7864    0.6291
    2.4000    3.0000    2.4000    1.9200    1.5360    1.2288    0.9830    0.7864
    1.9200    2.4000    3.0000    2.4000    1.9200    1.5360    1.2288    0.9830
    1.5360    1.9200    2.4000    3.0000    2.4000    1.9200    1.5360    1.2288
    1.2288    1.5360    1.9200    2.4000    3.0000    2.4000    1.9200    1.5360
    0.9830    1.2288    1.5360    1.9200    2.4000    3.0000    2.4000    1.9200
         0         0         0         0         0         0         0         0
         0         0         0         0         0         0         0         0


A =

    2.0000    1.8000    1.6200    1.4580    1.3122    1.1810    1.0629    0.9566
    1.8000    2.0000    1.8000    1.6200    1.4580    1.3122    1.1810    1.0629
    1.6200    1.8000    2.0000    1.8000    1.6200    1.4580    1.3122    1.1810
    1.4580    1.6200    1.8000    2.0000    1.8000    1.6200    1.4580    1.3122
    1.3122    1.4580    1.6200    1.8000    2.0000    1.8000    1.6200    1.4580
    1.1810    1.3122    1.4580    1.6200    1.8000    2.0000    1.8000    1.6200
    1.0629         0         0         0         0         0         0         0
         0         0         0         0         0         0         0         0


B =

    3.0000    2.4000    1.9200    1.5360    1.2288    0.9830    0.7864    0.6291
    2.4000    3.0000    2.4000    1.9200    1.5360    1.2288    0.9830    0.7864
    1.9200    2.4000    3.0000    2.4000    1.9200    1.5360    1.2288    0.9830
    1.5360    1.9200    2.4000    3.0000    2.4000    1.9200    1.5360    1.2288
    1.2288    1.5360    1.9200    2.4000    3.0000    2.4000    1.9200    1.5360
    0.9830    1.2288    1.5360    1.9200    2.4000    3.0000    2.4000    1.9200
    0.7864         0         0         0         0         0         0         0
         0         0         0         0         0         0         0         0


A =

    2.0000    1.8000    1.6200    1.4580    1.3122    1.1810    1.0629    0.9566
    1.8000    2.0000    1.8000    1.6200    1.4580    1.3122    1.1810    1.0629
    1.6200    1.8000    2.0000    1.8000    1.6200    1.4580    1.3122    1.1810
    1.4580    1.6200    1.8000    2.0000    1.8000    1.6200    1.4580    1.3122
    1.3122    1.4580    1.6200    1.8000    2.0000    1.8000    1.6200    1.4580
    1.1810    1.3122    1.4580    1.6200    1.8000    2.0000    1.8000    1.6200
    1.0629    1.1810         0         0         0         0         0         0
         0         0         0         0         0         0         0         0


B =

    3.0000    2.4000    1.9200    1.5360    1.2288    0.9830    0.7864    0.6291
    2.4000    3.0000    2.4000    1.9200    1.5360    1.2288    0.9830    0.7864
    1.9200    2.4000    3.0000    2.4000    1.9200    1.5360    1.2288    0.9830
    1.5360    1.9200    2.4000    3.0000    2.4000    1.9200    1.5360    1.2288
    1.2288    1.5360    1.9200    2.4000    3.0000    2.4000    1.9200    1.5360
    0.9830    1.2288    1.5360    1.9200    2.4000    3.0000    2.4000    1.9200
    0.7864    0.9830         0         0         0         0         0         0
         0         0         0         0         0         0         0         0


A =

    2.0000    1.8000    1.6200    1.4580    1.3122    1.1810    1.0629    0.9566
    1.8000    2.0000    1.8000    1.6200    1.4580    1.3122    1.1810    1.0629
    1.6200    1.8000    2.0000    1.8000    1.6200    1.4580    1.3122    1.1810
    1.4580    1.6200    1.8000    2.0000    1.8000    1.6200    1.4580    1.3122
    1.3122    1.4580    1.6200    1.8000    2.0000    1.8000    1.6200    1.4580
    1.1810    1.3122    1.4580    1.6200    1.8000    2.0000    1.8000    1.6200
    1.0629    1.1810    1.3122         0         0         0         0         0
         0         0         0         0         0         0         0         0


B =

    3.0000    2.4000    1.9200    1.5360    1.2288    0.9830    0.7864    0.6291
    2.4000    3.0000    2.4000    1.9200    1.5360    1.2288    0.9830    0.7864
    1.9200    2.4000    3.0000    2.4000    1.9200    1.5360    1.2288    0.9830
    1.5360    1.9200    2.4000    3.0000    2.4000    1.9200    1.5360    1.2288
    1.2288    1.5360    1.9200    2.4000    3.0000    2.4000    1.9200    1.5360
    0.9830    1.2288    1.5360    1.9200    2.4000    3.0000    2.4000    1.9200
    0.7864    0.9830    1.2288         0         0         0         0         0
         0         0         0         0         0         0         0         0


A =

    2.0000    1.8000    1.6200    1.4580    1.3122    1.1810    1.0629    0.9566
    1.8000    2.0000    1.8000    1.6200    1.4580    1.3122    1.1810    1.0629
    1.6200    1.8000    2.0000    1.8000    1.6200    1.4580    1.3122    1.1810
    1.4580    1.6200    1.8000    2.0000    1.8000    1.6200    1.4580    1.3122
    1.3122    1.4580    1.6200    1.8000    2.0000    1.8000    1.6200    1.4580
    1.1810    1.3122    1.4580    1.6200    1.8000    2.0000    1.8000    1.6200
    1.0629    1.1810    1.3122    1.4580         0         0         0         0
         0         0         0         0         0         0         0         0


B =

    3.0000    2.4000    1.9200    1.5360    1.2288    0.9830    0.7864    0.6291
    2.4000    3.0000    2.4000    1.9200    1.5360    1.2288    0.9830    0.7864
    1.9200    2.4000    3.0000    2.4000    1.9200    1.5360    1.2288    0.9830
    1.5360    1.9200    2.4000    3.0000    2.4000    1.9200    1.5360    1.2288
    1.2288    1.5360    1.9200    2.4000    3.0000    2.4000    1.9200    1.5360
    0.9830    1.2288    1.5360    1.9200    2.4000    3.0000    2.4000    1.9200
    0.7864    0.9830    1.2288    1.5360         0         0         0         0
         0         0         0         0         0         0         0         0


A =

    2.0000    1.8000    1.6200    1.4580    1.3122    1.1810    1.0629    0.9566
    1.8000    2.0000    1.8000    1.6200    1.4580    1.3122    1.1810    1.0629
    1.6200    1.8000    2.0000    1.8000    1.6200    1.4580    1.3122    1.1810
    1.4580    1.6200    1.8000    2.0000    1.8000    1.6200    1.4580    1.3122
    1.3122    1.4580    1.6200    1.8000    2.0000    1.8000    1.6200    1.4580
    1.1810    1.3122    1.4580    1.6200    1.8000    2.0000    1.8000    1.6200
    1.0629    1.1810    1.3122    1.4580    1.6200         0         0         0
         0         0         0         0         0         0         0         0


B =

    3.0000    2.4000    1.9200    1.5360    1.2288    0.9830    0.7864    0.6291
    2.4000    3.0000    2.4000    1.9200    1.5360    1.2288    0.9830    0.7864
    1.9200    2.4000    3.0000    2.4000    1.9200    1.5360    1.2288    0.9830
    1.5360    1.9200    2.4000    3.0000    2.4000    1.9200    1.5360    1.2288
    1.2288    1.5360    1.9200    2.4000    3.0000    2.4000    1.9200    1.5360
    0.9830    1.2288    1.5360    1.9200    2.4000    3.0000    2.4000    1.9200
    0.7864    0.9830    1.2288    1.5360    1.9200         0         0         0
         0         0         0         0         0         0         0         0


A =

    2.0000    1.8000    1.6200    1.4580    1.3122    1.1810    1.0629    0.9566
    1.8000    2.0000    1.8000    1.6200    1.4580    1.3122    1.1810    1.0629
    1.6200    1.8000    2.0000    1.8000    1.6200    1.4580    1.3122    1.1810
    1.4580    1.6200    1.8000    2.0000    1.8000    1.6200    1.4580    1.3122
    1.3122    1.4580    1.6200    1.8000    2.0000    1.8000    1.6200    1.4580
    1.1810    1.3122    1.4580    1.6200    1.8000    2.0000    1.8000    1.6200
    1.0629    1.1810    1.3122    1.4580    1.6200    1.8000         0         0
         0         0         0         0         0         0         0         0


B =

    3.0000    2.4000    1.9200    1.5360    1.2288    0.9830    0.7864    0.6291
    2.4000    3.0000    2.4000    1.9200    1.5360    1.2288    0.9830    0.7864
    1.9200    2.4000    3.0000    2.4000    1.9200    1.5360    1.2288    0.9830
    1.5360    1.9200    2.4000    3.0000    2.4000    1.9200    1.5360    1.2288
    1.2288    1.5360    1.9200    2.4000    3.0000    2.4000    1.9200    1.5360
    0.9830    1.2288    1.5360    1.9200    2.4000    3.0000    2.4000    1.9200
    0.7864    0.9830    1.2288    1.5360    1.9200    2.4000         0         0
         0         0         0         0         0         0         0         0


A =

    2.0000    1.8000    1.6200    1.4580    1.3122    1.1810    1.0629    0.9566
    1.8000    2.0000    1.8000    1.6200    1.4580    1.3122    1.1810    1.0629
    1.6200    1.8000    2.0000    1.8000    1.6200    1.4580    1.3122    1.1810
    1.4580    1.6200    1.8000    2.0000    1.8000    1.6200    1.4580    1.3122
    1.3122    1.4580    1.6200    1.8000    2.0000    1.8000    1.6200    1.4580
    1.1810    1.3122    1.4580    1.6200    1.8000    2.0000    1.8000    1.6200
    1.0629    1.1810    1.3122    1.4580    1.6200    1.8000    2.0000         0
         0         0         0         0         0         0         0         0


B =

    3.0000    2.4000    1.9200    1.5360    1.2288    0.9830    0.7864    0.6291
    2.4000    3.0000    2.4000    1.9200    1.5360    1.2288    0.9830    0.7864
    1.9200    2.4000    3.0000    2.4000    1.9200    1.5360    1.2288    0.9830
    1.5360    1.9200    2.4000    3.0000    2.4000    1.9200    1.5360    1.2288
    1.2288    1.5360    1.9200    2.4000    3.0000    2.4000    1.9200    1.5360
    0.9830    1.2288    1.5360    1.9200    2.4000    3.0000    2.4000    1.9200
    0.7864    0.9830    1.2288    1.5360    1.9200    2.4000    3.0000         0
         0         0         0         0         0         0         0         0


A =

    2.0000    1.8000    1.6200    1.4580    1.3122    1.1810    1.0629    0.9566
    1.8000    2.0000    1.8000    1.6200    1.4580    1.3122    1.1810    1.0629
    1.6200    1.8000    2.0000    1.8000    1.6200    1.4580    1.3122    1.1810
    1.4580    1.6200    1.8000    2.0000    1.8000    1.6200    1.4580    1.3122
    1.3122    1.4580    1.6200    1.8000    2.0000    1.8000    1.6200    1.4580
    1.1810    1.3122    1.4580    1.6200    1.8000    2.0000    1.8000    1.6200
    1.0629    1.1810    1.3122    1.4580    1.6200    1.8000    2.0000    1.8000
         0         0         0         0         0         0         0         0


B =

    3.0000    2.4000    1.9200    1.5360    1.2288    0.9830    0.7864    0.6291
    2.4000    3.0000    2.4000    1.9200    1.5360    1.2288    0.9830    0.7864
    1.9200    2.4000    3.0000    2.4000    1.9200    1.5360    1.2288    0.9830
    1.5360    1.9200    2.4000    3.0000    2.4000    1.9200    1.5360    1.2288
    1.2288    1.5360    1.9200    2.4000    3.0000    2.4000    1.9200    1.5360
    0.9830    1.2288    1.5360    1.9200    2.4000    3.0000    2.4000    1.9200
    0.7864    0.9830    1.2288    1.5360    1.9200    2.4000    3.0000    2.4000
         0         0         0         0         0         0         0         0


A =

    2.0000    1.8000    1.6200    1.4580    1.3122    1.1810    1.0629    0.9566
    1.8000    2.0000    1.8000    1.6200    1.4580    1.3122    1.1810    1.0629
    1.6200    1.8000    2.0000    1.8000    1.6200    1.4580    1.3122    1.1810
    1.4580    1.6200    1.8000    2.0000    1.8000    1.6200    1.4580    1.3122
    1.3122    1.4580    1.6200    1.8000    2.0000    1.8000    1.6200    1.4580
    1.1810    1.3122    1.4580    1.6200    1.8000    2.0000    1.8000    1.6200
    1.0629    1.1810    1.3122    1.4580    1.6200    1.8000    2.0000    1.8000
    0.9566         0         0         0         0         0         0         0


B =

    3.0000    2.4000    1.9200    1.5360    1.2288    0.9830    0.7864    0.6291
    2.4000    3.0000    2.4000    1.9200    1.5360    1.2288    0.9830    0.7864
    1.9200    2.4000    3.0000    2.4000    1.9200    1.5360    1.2288    0.9830
    1.5360    1.9200    2.4000    3.0000    2.4000    1.9200    1.5360    1.2288
    1.2288    1.5360    1.9200    2.4000    3.0000    2.4000    1.9200    1.5360
    0.9830    1.2288    1.5360    1.9200    2.4000    3.0000    2.4000    1.9200
    0.7864    0.9830    1.2288    1.5360    1.9200    2.4000    3.0000    2.4000
    0.6291         0         0         0         0         0         0         0


A =

    2.0000    1.8000    1.6200    1.4580    1.3122    1.1810    1.0629    0.9566
    1.8000    2.0000    1.8000    1.6200    1.4580    1.3122    1.1810    1.0629
    1.6200    1.8000    2.0000    1.8000    1.6200    1.4580    1.3122    1.1810
    1.4580    1.6200    1.8000    2.0000    1.8000    1.6200    1.4580    1.3122
    1.3122    1.4580    1.6200    1.8000    2.0000    1.8000    1.6200    1.4580
    1.1810    1.3122    1.4580    1.6200    1.8000    2.0000    1.8000    1.6200
    1.0629    1.1810    1.3122    1.4580    1.6200    1.8000    2.0000    1.8000
    0.9566    1.0629         0         0         0         0         0         0


B =

    3.0000    2.4000    1.9200    1.5360    1.2288    0.9830    0.7864    0.6291
    2.4000    3.0000    2.4000    1.9200    1.5360    1.2288    0.9830    0.7864
    1.9200    2.4000    3.0000    2.4000    1.9200    1.5360    1.2288    0.9830
    1.5360    1.9200    2.4000    3.0000    2.4000    1.9200    1.5360    1.2288
    1.2288    1.5360    1.9200    2.4000    3.0000    2.4000    1.9200    1.5360
    0.9830    1.2288    1.5360    1.9200    2.4000    3.0000    2.4000    1.9200
    0.7864    0.9830    1.2288    1.5360    1.9200    2.4000    3.0000    2.4000
    0.6291    0.7864         0         0         0         0         0         0


A =

    2.0000    1.8000    1.6200    1.4580    1.3122    1.1810    1.0629    0.9566
    1.8000    2.0000    1.8000    1.6200    1.4580    1.3122    1.1810    1.0629
    1.6200    1.8000    2.0000    1.8000    1.6200    1.4580    1.3122    1.1810
    1.4580    1.6200    1.8000    2.0000    1.8000    1.6200    1.4580    1.3122
    1.3122    1.4580    1.6200    1.8000    2.0000    1.8000    1.6200    1.4580
    1.1810    1.3122    1.4580    1.6200    1.8000    2.0000    1.8000    1.6200
    1.0629    1.1810    1.3122    1.4580    1.6200    1.8000    2.0000    1.8000
    0.9566    1.0629    1.1810         0         0         0         0         0


B =

    3.0000    2.4000    1.9200    1.5360    1.2288    0.9830    0.7864    0.6291
    2.4000    3.0000    2.4000    1.9200    1.5360    1.2288    0.9830    0.7864
    1.9200    2.4000    3.0000    2.4000    1.9200    1.5360    1.2288    0.9830
    1.5360    1.9200    2.4000    3.0000    2.4000    1.9200    1.5360    1.2288
    1.2288    1.5360    1.9200    2.4000    3.0000    2.4000    1.9200    1.5360
    0.9830    1.2288    1.5360    1.9200    2.4000    3.0000    2.4000    1.9200
    0.7864    0.9830    1.2288    1.5360    1.9200    2.4000    3.0000    2.4000
    0.6291    0.7864    0.9830         0         0         0         0         0


A =

    2.0000    1.8000    1.6200    1.4580    1.3122    1.1810    1.0629    0.9566
    1.8000    2.0000    1.8000    1.6200    1.4580    1.3122    1.1810    1.0629
    1.6200    1.8000    2.0000    1.8000    1.6200    1.4580    1.3122    1.1810
    1.4580    1.6200    1.8000    2.0000    1.8000    1.6200    1.4580    1.3122
    1.3122    1.4580    1.6200    1.8000    2.0000    1.8000    1.6200    1.4580
    1.1810    1.3122    1.4580    1.6200    1.8000    2.0000    1.8000    1.6200
    1.0629    1.1810    1.3122    1.4580    1.6200    1.8000    2.0000    1.8000
    0.9566    1.0629    1.1810    1.3122         0         0         0         0


B =

    3.0000    2.4000    1.9200    1.5360    1.2288    0.9830    0.7864    0.6291
    2.4000    3.0000    2.4000    1.9200    1.5360    1.2288    0.9830    0.7864
    1.9200    2.4000    3.0000    2.4000    1.9200    1.5360    1.2288    0.9830
    1.5360    1.9200    2.4000    3.0000    2.4000    1.9200    1.5360    1.2288
    1.2288    1.5360    1.9200    2.4000    3.0000    2.4000    1.9200    1.5360
    0.9830    1.2288    1.5360    1.9200    2.4000    3.0000    2.4000    1.9200
    0.7864    0.9830    1.2288    1.5360    1.9200    2.4000    3.0000    2.4000
    0.6291    0.7864    0.9830    1.2288         0         0         0         0


A =

    2.0000    1.8000    1.6200    1.4580    1.3122    1.1810    1.0629    0.9566
    1.8000    2.0000    1.8000    1.6200    1.4580    1.3122    1.1810    1.0629
    1.6200    1.8000    2.0000    1.8000    1.6200    1.4580    1.3122    1.1810
    1.4580    1.6200    1.8000    2.0000    1.8000    1.6200    1.4580    1.3122
    1.3122    1.4580    1.6200    1.8000    2.0000    1.8000    1.6200    1.4580
    1.1810    1.3122    1.4580    1.6200    1.8000    2.0000    1.8000    1.6200
    1.0629    1.1810    1.3122    1.4580    1.6200    1.8000    2.0000    1.8000
    0.9566    1.0629    1.1810    1.3122    1.4580         0         0         0


B =

    3.0000    2.4000    1.9200    1.5360    1.2288    0.9830    0.7864    0.6291
    2.4000    3.0000    2.4000    1.9200    1.5360    1.2288    0.9830    0.7864
    1.9200    2.4000    3.0000    2.4000    1.9200    1.5360    1.2288    0.9830
    1.5360    1.9200    2.4000    3.0000    2.4000    1.9200    1.5360    1.2288
    1.2288    1.5360    1.9200    2.4000    3.0000    2.4000    1.9200    1.5360
    0.9830    1.2288    1.5360    1.9200    2.4000    3.0000    2.4000    1.9200
    0.7864    0.9830    1.2288    1.5360    1.9200    2.4000    3.0000    2.4000
    0.6291    0.7864    0.9830    1.2288    1.5360         0         0         0


A =

    2.0000    1.8000    1.6200    1.4580    1.3122    1.1810    1.0629    0.9566
    1.8000    2.0000    1.8000    1.6200    1.4580    1.3122    1.1810    1.0629
    1.6200    1.8000    2.0000    1.8000    1.6200    1.4580    1.3122    1.1810
    1.4580    1.6200    1.8000    2.0000    1.8000    1.6200    1.4580    1.3122
    1.3122    1.4580    1.6200    1.8000    2.0000    1.8000    1.6200    1.4580
    1.1810    1.3122    1.4580    1.6200    1.8000    2.0000    1.8000    1.6200
    1.0629    1.1810    1.3122    1.4580    1.6200    1.8000    2.0000    1.8000
    0.9566    1.0629    1.1810    1.3122    1.4580    1.6200         0         0


B =

    3.0000    2.4000    1.9200    1.5360    1.2288    0.9830    0.7864    0.6291
    2.4000    3.0000    2.4000    1.9200    1.5360    1.2288    0.9830    0.7864
    1.9200    2.4000    3.0000    2.4000    1.9200    1.5360    1.2288    0.9830
    1.5360    1.9200    2.4000    3.0000    2.4000    1.9200    1.5360    1.2288
    1.2288    1.5360    1.9200    2.4000    3.0000    2.4000    1.9200    1.5360
    0.9830    1.2288    1.5360    1.9200    2.4000    3.0000    2.4000    1.9200
    0.7864    0.9830    1.2288    1.5360    1.9200    2.4000    3.0000    2.4000
    0.6291    0.7864    0.9830    1.2288    1.5360    1.9200         0         0


A =

    2.0000    1.8000    1.6200    1.4580    1.3122    1.1810    1.0629    0.9566
    1.8000    2.0000    1.8000    1.6200    1.4580    1.3122    1.1810    1.0629
    1.6200    1.8000    2.0000    1.8000    1.6200    1.4580    1.3122    1.1810
    1.4580    1.6200    1.8000    2.0000    1.8000    1.6200    1.4580    1.3122
    1.3122    1.4580    1.6200    1.8000    2.0000    1.8000    1.6200    1.4580
    1.1810    1.3122    1.4580    1.6200    1.8000    2.0000    1.8000    1.6200
    1.0629    1.1810    1.3122    1.4580    1.6200    1.8000    2.0000    1.8000
    0.9566    1.0629    1.1810    1.3122    1.4580    1.6200    1.8000         0


B =

    3.0000    2.4000    1.9200    1.5360    1.2288    0.9830    0.7864    0.6291
    2.4000    3.0000    2.4000    1.9200    1.5360    1.2288    0.9830    0.7864
    1.9200    2.4000    3.0000    2.4000    1.9200    1.5360    1.2288    0.9830
    1.5360    1.9200    2.4000    3.0000    2.4000    1.9200    1.5360    1.2288
    1.2288    1.5360    1.9200    2.4000    3.0000    2.4000    1.9200    1.5360
    0.9830    1.2288    1.5360    1.9200    2.4000    3.0000    2.4000    1.9200
    0.7864    0.9830    1.2288    1.5360    1.9200    2.4000    3.0000    2.4000
    0.6291    0.7864    0.9830    1.2288    1.5360    1.9200    2.4000         0


A =

    2.0000    1.8000    1.6200    1.4580    1.3122    1.1810    1.0629    0.9566
    1.8000    2.0000    1.8000    1.6200    1.4580    1.3122    1.1810    1.0629
    1.6200    1.8000    2.0000    1.8000    1.6200    1.4580    1.3122    1.1810
    1.4580    1.6200    1.8000    2.0000    1.8000    1.6200    1.4580    1.3122
    1.3122    1.4580    1.6200    1.8000    2.0000    1.8000    1.6200    1.4580
    1.1810    1.3122    1.4580    1.6200    1.8000    2.0000    1.8000    1.6200
    1.0629    1.1810    1.3122    1.4580    1.6200    1.8000    2.0000    1.8000
    0.9566    1.0629    1.1810    1.3122    1.4580    1.6200    1.8000    2.0000


B =

    3.0000    2.4000    1.9200    1.5360    1.2288    0.9830    0.7864    0.6291
    2.4000    3.0000    2.4000    1.9200    1.5360    1.2288    0.9830    0.7864
    1.9200    2.4000    3.0000    2.4000    1.9200    1.5360    1.2288    0.9830
    1.5360    1.9200    2.4000    3.0000    2.4000    1.9200    1.5360    1.2288
    1.2288    1.5360    1.9200    2.4000    3.0000    2.4000    1.9200    1.5360
    0.9830    1.2288    1.5360    1.9200    2.4000    3.0000    2.4000    1.9200
    0.7864    0.9830    1.2288    1.5360    1.9200    2.4000    3.0000    2.4000
    0.6291    0.7864    0.9830    1.2288    1.5360    1.9200    2.4000    3.0000

C=A*B

C =

   19.8810   22.1512   23.0990   23.0148   22.1130   20.5454   18.4107   15.7617
   20.8233   23.5992   24.8549   24.9235   24.0512   22.4132   20.1243   17.2474
   20.9837   24.0426   25.8737   26.2984   25.6081   24.0111   21.6464   18.5926
   20.5665   23.7399   25.9132   26.9522   26.6388   25.2274   22.8903   19.7294
   19.7294   22.8903   25.2274   26.6388   26.9522   25.9132   23.7399   20.5665
   18.5926   21.6464   24.0111   25.6081   26.2984   25.8737   24.0426   20.9837
   17.2474   20.1243   22.4132   24.0512   24.9235   24.8549   23.5992   20.8233
   15.7617   18.4107   20.5454   22.1130   23.0148   23.0990   22.1512   19.8810

D = B * A

D =

   19.8810   20.8233   20.9837   20.5665   19.7294   18.5926   17.2474   15.7617
   22.1512   23.5992   24.0426   23.7399   22.8903   21.6464   20.1243   18.4107
   23.0990   24.8549   25.8737   25.9132   25.2274   24.0111   22.4132   20.5454
   23.0148   24.9235   26.2984   26.9522   26.6388   25.6081   24.0512   22.1130
   22.1130   24.0512   25.6081   26.6388   26.9522   26.2984   24.9235   23.0148
   20.5454   22.4132   24.0111   25.2274   25.9132   25.8737   24.8549   23.0990
   18.4107   20.1243   21.6464   22.8903   23.7399   24.0426   23.5992   22.1512
   15.7617   17.2474   18.5926   19.7294   20.5665   20.9837   20.8233   19.8810

trace(A)

ans =

    16

trace(B)

ans =

    24

trace(A*B)

ans =

  192.6120

diary off
